1492451385.6,00:02:4c:76:25:e7:2f:40,181401,707
1492451386.32,00:02:4c:76:25:e7:2f:40,181401,707
1492451388.06,00:02:4c:76:25:e7:2f:40,181401,707
1492451389.82,00:02:4c:76:25:e7:2f:40,181401,707
1492451390.44,00:02:4c:76:25:e7:2f:40,181401,707
1492451392.19,00:02:4c:76:25:e7:2f:40,9176,268
1492451392.86,00:02:4c:76:25:e7:2f:40,9176,268
1492451393.59,00:02:4c:76:25:e7:2f:40,9176,268
1492451395.33,00:02:4c:76:25:e7:2f:40,9176,268
1492451397.09,00:02:4c:76:25:e7:2f:40,9176,268
1492451397.86,00:02:4c:76:25:e7:2f:40,9176,268
1492451399.62,00:02:4c:76:25:e7:2f:40,9176,268
1492451400.3,00:02:4c:76:25:e7:2f:40,9176,268
1492451401.08,00:02:4c:76:25:e7:2f:40,9176,268
1492451402.83,00:02:4c:76:25:e7:2f:40,0,0
1492451404.58,00:02:4c:76:25:e7:2f:40,0,0
1492451405.26,00:02:4c:76:25:e7:2f:40,0,0
1492451406.99,00:02:4c:76:25:e7:2f:40,0,0
1492451407.69,00:02:4c:76:25:e7:2f:40,0,0
1492451408.3,00:02:4c:76:25:e7:2f:40,0,0
1492451410.05,00:02:4c:76:25:e7:2f:40,0,0
1492451411.8,00:02:4c:76:25:e7:2f:40,8971,344
1492451412.4,00:02:4c:76:25:e7:2f:40,8971,344
1492451414.15,00:02:4c:76:25:e7:2f:40,8971,344
1492451414.84,00:02:4c:76:25:e7:2f:40,8971,344
1492451415.56,00:02:4c:76:25:e7:2f:40,8971,344
1492451417.31,00:02:4c:76:25:e7:2f:40,8971,344
1492451418.91,00:02:4c:76:25:e7:2f:40,8971,344
1492451419.67,00:02:4c:76:25:e7:2f:40,8971,344
1492451421.43,00:02:4c:76:25:e7:2f:40,7687937,2471323296
1492451422.15,00:02:4c:76:25:e7:2f:40,7687937,2471323296
1492451422.84,00:02:4c:76:25:e7:2f:40,7687937,2471323296
1492451424.57,00:02:4c:76:25:e7:2f:40,7687937,2471323296
1492451426.18,00:02:4c:76:25:e7:2f:40,7687937,2471323296
1492451426.84,00:02:4c:76:25:e7:2f:40,7687937,2471323296
1492451428.59,00:02:4c:76:25:e7:2f:40,7687937,2471323296
1492451429.31,00:02:4c:76:25:e7:2f:40,7687937,2471323296
1492451430.03,00:02:4c:76:25:e7:2f:40,7687937,2471323296
1492451431.77,00:02:4c:76:25:e7:2f:40,0,0
1492451433.38,00:02:4c:76:25:e7:2f:40,0,0
1492451434.12,00:02:4c:76:25:e7:2f:40,0,0
1492451435.86,00:02:4c:76:25:e7:2f:40,0,0
1492451436.61,00:02:4c:76:25:e7:2f:40,0,0
1492451437.34,00:02:4c:76:25:e7:2f:40,0,0
1492451439.09,00:02:4c:76:25:e7:2f:40,0,0
1492451440.69,00:02:4c:76:25:e7:2f:40,0,0
1492451441.36,00:02:4c:76:25:e7:2f:40,75613384,23369378219
1492451443.11,00:02:4c:76:25:e7:2f:40,75613384,23369378219
1492451443.76,00:02:4c:76:25:e7:2f:40,75613384,23369378219
1492451444.4,00:02:4c:76:25:e7:2f:40,75613384,23369378219
1492451446.13,00:02:4c:76:25:e7:2f:40,75613384,23369378219
1492451447.75,00:02:4c:76:25:e7:2f:40,75613384,23369378219
1492451448.43,00:02:4c:76:25:e7:2f:40,75613384,23369378219
1492451450.18,00:02:4c:76:25:e7:2f:40,75613384,23369378219
1492451450.94,00:02:4c:76:25:e7:2f:40,75613384,23369378219
1492451451.63,00:02:4c:76:25:e7:2f:40,102288976,24450827272
1492451453.37,00:02:4c:76:25:e7:2f:40,102288976,24450827272
1492451455.0,00:02:4c:76:25:e7:2f:40,102288976,24450827272
1492451455.76,00:02:4c:76:25:e7:2f:40,102288976,24450827272
1492451457.52,00:02:4c:76:25:e7:2f:40,102288976,24450827272
1492451458.23,00:02:4c:76:25:e7:2f:40,102288976,24450827272
1492451458.96,00:02:4c:76:25:e7:2f:40,102288976,24450827272
1492451460.7,00:02:4c:76:25:e7:2f:40,102288976,24450827272
1492451462.32,00:02:4c:76:25:e7:2f:40,0,0
1492451463.11,00:02:4c:76:25:e7:2f:40,0,0
1492451464.86,00:02:4c:76:25:e7:2f:40,0,0
1492451465.55,00:02:4c:76:25:e7:2f:40,0,0
1492451466.33,00:02:4c:76:25:e7:2f:40,0,0
1492451468.07,00:02:4c:76:25:e7:2f:40,0,0
1492451469.67,00:02:4c:76:25:e7:2f:40,0,0
1492451470.36,00:02:4c:76:25:e7:2f:40,0,0
1492451472.11,00:02:4c:76:25:e7:2f:40,98336710,25373326998
1492451472.82,00:02:4c:76:25:e7:2f:40,98336710,25373326998
1492451473.52,00:02:4c:76:25:e7:2f:40,98336710,25373326998
1492451475.26,00:02:4c:76:25:e7:2f:40,98336710,25373326998
1492451476.81,00:02:4c:76:25:e7:2f:40,98336710,25373326998
1492451477.51,00:02:4c:76:25:e7:2f:40,98336710,25373326998
1492451479.25,00:02:4c:76:25:e7:2f:40,98336710,25373326998
1492451479.94,00:02:4c:76:25:e7:2f:40,98336710,25373326998
1492451480.72,00:02:4c:76:25:e7:2f:40,98336710,25373326998
1492451482.48,00:02:4c:76:25:e7:2f:40,100964832,23146342721
1492451484.08,00:02:4c:76:25:e7:2f:40,100964832,23146342721
1492451484.86,00:02:4c:76:25:e7:2f:40,100964832,23146342721
1492451486.6,00:02:4c:76:25:e7:2f:40,100964832,23146342721
1492451487.42,00:02:4c:76:25:e7:2f:40,100964832,23146342721
1492451488.09,00:02:4c:76:25:e7:2f:40,100964832,23146342721
1492451489.85,00:02:4c:76:25:e7:2f:40,100964832,23146342721
1492451491.43,00:02:4c:76:25:e7:2f:40,0,0
1492451492.16,00:02:4c:76:25:e7:2f:40,0,0
1492451493.91,00:02:4c:76:25:e7:2f:40,0,0
1492451494.91,00:02:4c:76:25:e7:2f:40,0,0
1492451495.7,00:02:4c:76:25:e7:2f:40,0,0
1492451497.44,00:02:4c:76:25:e7:2f:40,0,0
1492451499.03,00:02:4c:76:25:e7:2f:40,0,0
1492451499.77,00:02:4c:76:25:e7:2f:40,0,0
1492451501.53,00:02:4c:76:25:e7:2f:40,139364908,26245678260
1492451502.38,00:02:4c:76:25:e7:2f:40,139364908,26245678260
1492451503.11,00:02:4c:76:25:e7:2f:40,139364908,26245678260
1492451504.85,00:02:4c:76:25:e7:2f:40,139364908,26245678260
1492451506.44,00:02:4c:76:25:e7:2f:40,139364908,26245678260
1492451507.16,00:02:4c:76:25:e7:2f:40,139364908,26245678260
1492451508.87,00:02:4c:76:25:e7:2f:40,139364908,26245678260
1492451509.6,00:02:4c:76:25:e7:2f:40,139364908,26245678260
1492451510.34,00:02:4c:76:25:e7:2f:40,139364908,26245678260
1492451512.09,00:02:4c:76:25:e7:2f:40,93048702,24138376531
1492451513.67,00:02:4c:76:25:e7:2f:40,93048702,24138376531
1492451514.33,00:02:4c:76:25:e7:2f:40,93048702,24138376531
1492451516.08,00:02:4c:76:25:e7:2f:40,93048702,24138376531
1492451516.81,00:02:4c:76:25:e7:2f:40,93048702,24138376531
1492451517.53,00:02:4c:76:25:e7:2f:40,93048702,24138376531
1492451519.29,00:02:4c:76:25:e7:2f:40,93048702,24138376531
1492451521.05,00:02:4c:76:25:e7:2f:40,93048702,24138376531
1492451521.73,00:02:4c:76:25:e7:2f:40,0,0
1492451523.68,00:02:4c:76:25:e7:2f:40,0,0
1492451524.35,00:02:4c:76:25:e7:2f:40,0,0
1492451525.04,00:02:4c:76:25:e7:2f:40,0,0
1492451526.79,00:02:4c:76:25:e7:2f:40,0,0
1492451528.54,00:02:4c:76:25:e7:2f:40,0,0
1492451529.26,00:02:4c:76:25:e7:2f:40,0,0
1492451531.01,00:02:4c:76:25:e7:2f:40,0,0
1492451531.73,00:02:4c:76:25:e7:2f:40,32430320,11853320126
1492451532.46,00:02:4c:76:25:e7:2f:40,32430320,11853320126
1492451534.21,00:02:4c:76:25:e7:2f:40,32430320,11853320126
1492451535.94,00:02:4c:76:25:e7:2f:40,32430320,11853320126
1492451536.67,00:02:4c:76:25:e7:2f:40,32430320,11853320126
1492451538.43,00:02:4c:76:25:e7:2f:40,32430320,11853320126
1492451539.11,00:02:4c:76:25:e7:2f:40,32430320,11853320126
1492451539.81,00:02:4c:76:25:e7:2f:40,32430320,11853320126
1492451541.57,00:02:4c:76:25:e7:2f:40,9820,241
1492451543.31,00:02:4c:76:25:e7:2f:40,9820,241
1492451544.05,00:02:4c:76:25:e7:2f:40,9820,241
1492451545.8,00:02:4c:76:25:e7:2f:40,9820,241
1492451546.44,00:02:4c:76:25:e7:2f:40,9820,241
1492451547.08,00:02:4c:76:25:e7:2f:40,9820,241
1492451548.83,00:02:4c:76:25:e7:2f:40,9820,241
1492451550.57,00:02:4c:76:25:e7:2f:40,9820,241
1492451551.25,00:02:4c:76:25:e7:2f:40,0,0
1492451553.0,00:02:4c:76:25:e7:2f:40,0,0
1492451553.64,00:02:4c:76:25:e7:2f:40,0,0
1492451554.27,00:02:4c:76:25:e7:2f:40,0,0
1492451556.03,00:02:4c:76:25:e7:2f:40,0,0
1492451557.77,00:02:4c:76:25:e7:2f:40,0,0
1492451558.41,00:02:4c:76:25:e7:2f:40,0,0
1492451560.16,00:02:4c:76:25:e7:2f:40,0,0
1492451560.87,00:02:4c:76:25:e7:2f:40,0,0
1492451561.53,00:02:4c:76:25:e7:2f:40,10792,544
1492451563.27,00:02:4c:76:25:e7:2f:40,10792,544
1492451565.03,00:02:4c:76:25:e7:2f:40,10792,544
1492451565.75,00:02:4c:76:25:e7:2f:40,10792,544
1492451567.52,00:02:4c:76:25:e7:2f:40,10792,544
1492451568.19,00:02:4c:76:25:e7:2f:40,10792,544
1492451568.92,00:02:4c:76:25:e7:2f:40,10792,544
1492451570.67,00:02:4c:76:25:e7:2f:40,10792,544
1492451572.42,00:02:4c:76:25:e7:2f:40,9508,241
1492451573.14,00:02:4c:76:25:e7:2f:40,9508,241
1492451574.83,00:02:4c:76:25:e7:2f:40,9508,241
1492451575.54,00:02:4c:76:25:e7:2f:40,9508,241
1492451576.2,00:02:4c:76:25:e7:2f:40,9508,241
1492451577.95,00:02:4c:76:25:e7:2f:40,9508,241
1492451579.7,00:02:4c:76:25:e7:2f:40,9508,241
1492451580.35,00:02:4c:76:25:e7:2f:40,9508,241
1492451582.09,00:02:4c:76:25:e7:2f:40,0,0
1492451582.73,00:02:4c:76:25:e7:2f:40,0,0
1492451583.37,00:02:4c:76:25:e7:2f:40,0,0
1492451585.13,00:02:4c:76:25:e7:2f:40,0,0
1492451586.81,00:02:4c:76:25:e7:2f:40,0,0
1492451587.5,00:02:4c:76:25:e7:2f:40,0,0
1492451589.27,00:02:4c:76:25:e7:2f:40,0,0
1492451589.89,00:02:4c:76:25:e7:2f:40,0,0
1492451590.62,00:02:4c:76:25:e7:2f:40,0,0
1492451592.37,00:02:4c:76:25:e7:2f:40,7275,344
1492451594.12,00:02:4c:76:25:e7:2f:40,7275,344
1492451594.84,00:02:4c:76:25:e7:2f:40,7275,344
1492451596.59,00:02:4c:76:25:e7:2f:40,7275,344
1492451597.24,00:02:4c:76:25:e7:2f:40,7275,344
1492451597.83,00:02:4c:76:25:e7:2f:40,7275,344
1492451599.58,00:02:4c:76:25:e7:2f:40,7275,344
1492451601.33,00:02:4c:76:25:e7:2f:40,9553,387
1492451601.97,00:02:4c:76:25:e7:2f:40,9553,387
1492451603.73,00:02:4c:76:25:e7:2f:40,9553,387
1492451604.42,00:02:4c:76:25:e7:2f:40,9553,387
1492451605.12,00:02:4c:76:25:e7:2f:40,9553,387
