1492451385.58,00:00:fa:94:2c:7c:22:49,122,60
1492451386.32,00:00:fa:94:2c:7c:22:49,122,60
1492451388.07,00:00:fa:94:2c:7c:22:49,122,60
1492451389.82,00:00:fa:94:2c:7c:22:49,122,60
1492451390.45,00:00:fa:94:2c:7c:22:49,122,60
1492451392.19,00:00:fa:94:2c:7c:22:49,0,0
1492451392.86,00:00:fa:94:2c:7c:22:49,0,0
1492451393.59,00:00:fa:94:2c:7c:22:49,0,0
1492451395.34,00:00:fa:94:2c:7c:22:49,0,0
1492451397.07,00:00:fa:94:2c:7c:22:49,0,0
1492451397.87,00:00:fa:94:2c:7c:22:49,0,0
1492451399.63,00:00:fa:94:2c:7c:22:49,0,0
1492451400.31,00:00:fa:94:2c:7c:22:49,0,0
1492451401.08,00:00:fa:94:2c:7c:22:49,0,0
1492451402.84,00:00:fa:94:2c:7c:22:49,122,60
1492451404.58,00:00:fa:94:2c:7c:22:49,122,60
1492451405.25,00:00:fa:94:2c:7c:22:49,122,60
1492451407.0,00:00:fa:94:2c:7c:22:49,122,60
1492451407.68,00:00:fa:94:2c:7c:22:49,122,60
1492451408.3,00:00:fa:94:2c:7c:22:49,122,60
1492451410.05,00:00:fa:94:2c:7c:22:49,122,60
1492451411.79,00:00:fa:94:2c:7c:22:49,122,60
1492451412.41,00:00:fa:94:2c:7c:22:49,122,60
1492451414.16,00:00:fa:94:2c:7c:22:49,122,60
1492451414.86,00:00:fa:94:2c:7c:22:49,122,60
1492451415.57,00:00:fa:94:2c:7c:22:49,122,60
1492451417.32,00:00:fa:94:2c:7c:22:49,122,60
1492451418.9,00:00:fa:94:2c:7c:22:49,122,60
1492451419.68,00:00:fa:94:2c:7c:22:49,122,60
1492451421.43,00:00:fa:94:2c:7c:22:49,81,0
1492451422.14,00:00:fa:94:2c:7c:22:49,81,0
1492451422.84,00:00:fa:94:2c:7c:22:49,81,0
1492451424.59,00:00:fa:94:2c:7c:22:49,81,0
1492451426.19,00:00:fa:94:2c:7c:22:49,81,0
1492451426.83,00:00:fa:94:2c:7c:22:49,81,0
1492451428.58,00:00:fa:94:2c:7c:22:49,81,0
1492451429.31,00:00:fa:94:2c:7c:22:49,81,0
1492451430.04,00:00:fa:94:2c:7c:22:49,81,0
1492451431.77,00:00:fa:94:2c:7c:22:49,122,60
1492451433.39,00:00:fa:94:2c:7c:22:49,122,60
1492451434.12,00:00:fa:94:2c:7c:22:49,122,60
1492451435.86,00:00:fa:94:2c:7c:22:49,122,60
1492451436.61,00:00:fa:94:2c:7c:22:49,122,60
1492451437.34,00:00:fa:94:2c:7c:22:49,122,60
1492451439.08,00:00:fa:94:2c:7c:22:49,122,60
1492451440.68,00:00:fa:94:2c:7c:22:49,122,60
1492451441.36,00:00:fa:94:2c:7c:22:49,122,126
1492451443.1,00:00:fa:94:2c:7c:22:49,122,126
1492451443.75,00:00:fa:94:2c:7c:22:49,122,126
1492451444.39,00:00:fa:94:2c:7c:22:49,122,126
1492451446.14,00:00:fa:94:2c:7c:22:49,122,126
1492451447.77,00:00:fa:94:2c:7c:22:49,122,126
1492451448.42,00:00:fa:94:2c:7c:22:49,122,126
1492451450.18,00:00:fa:94:2c:7c:22:49,122,126
1492451450.93,00:00:fa:94:2c:7c:22:49,122,126
1492451451.64,00:00:fa:94:2c:7c:22:49,0,0
1492451453.38,00:00:fa:94:2c:7c:22:49,0,0
1492451454.99,00:00:fa:94:2c:7c:22:49,0,0
1492451455.77,00:00:fa:94:2c:7c:22:49,0,0
1492451457.52,00:00:fa:94:2c:7c:22:49,0,0
1492451458.24,00:00:fa:94:2c:7c:22:49,0,0
1492451458.95,00:00:fa:94:2c:7c:22:49,0,0
1492451460.7,00:00:fa:94:2c:7c:22:49,0,0
1492451462.32,00:00:fa:94:2c:7c:22:49,196,60
1492451463.1,00:00:fa:94:2c:7c:22:49,196,60
1492451464.86,00:00:fa:94:2c:7c:22:49,196,60
1492451465.54,00:00:fa:94:2c:7c:22:49,196,60
1492451466.31,00:00:fa:94:2c:7c:22:49,196,60
1492451468.06,00:00:fa:94:2c:7c:22:49,196,60
1492451469.66,00:00:fa:94:2c:7c:22:49,196,60
1492451470.37,00:00:fa:94:2c:7c:22:49,196,60
1492451472.11,00:00:fa:94:2c:7c:22:49,136,66
1492451472.83,00:00:fa:94:2c:7c:22:49,136,66
1492451473.51,00:00:fa:94:2c:7c:22:49,136,66
1492451475.25,00:00:fa:94:2c:7c:22:49,136,66
1492451476.81,00:00:fa:94:2c:7c:22:49,136,66
1492451477.51,00:00:fa:94:2c:7c:22:49,136,66
1492451479.26,00:00:fa:94:2c:7c:22:49,136,66
1492451479.94,00:00:fa:94:2c:7c:22:49,136,66
1492451480.73,00:00:fa:94:2c:7c:22:49,136,66
1492451482.46,00:00:fa:94:2c:7c:22:49,0,0
1492451484.08,00:00:fa:94:2c:7c:22:49,0,0
1492451484.85,00:00:fa:94:2c:7c:22:49,0,0
1492451486.61,00:00:fa:94:2c:7c:22:49,0,0
1492451487.42,00:00:fa:94:2c:7c:22:49,0,0
1492451488.1,00:00:fa:94:2c:7c:22:49,0,0
1492451489.84,00:00:fa:94:2c:7c:22:49,0,0
1492451491.44,00:00:fa:94:2c:7c:22:49,122,60
1492451492.15,00:00:fa:94:2c:7c:22:49,122,60
1492451493.91,00:00:fa:94:2c:7c:22:49,122,60
1492451494.92,00:00:fa:94:2c:7c:22:49,122,60
1492451495.69,00:00:fa:94:2c:7c:22:49,122,60
1492451497.43,00:00:fa:94:2c:7c:22:49,122,60
1492451499.03,00:00:fa:94:2c:7c:22:49,122,60
1492451499.79,00:00:fa:94:2c:7c:22:49,122,60
1492451501.53,00:00:fa:94:2c:7c:22:49,196,60
1492451502.39,00:00:fa:94:2c:7c:22:49,196,60
1492451503.11,00:00:fa:94:2c:7c:22:49,196,60
1492451504.86,00:00:fa:94:2c:7c:22:49,196,60
1492451506.44,00:00:fa:94:2c:7c:22:49,196,60
1492451507.18,00:00:fa:94:2c:7c:22:49,196,60
1492451508.87,00:00:fa:94:2c:7c:22:49,196,60
1492451509.6,00:00:fa:94:2c:7c:22:49,196,60
1492451510.34,00:00:fa:94:2c:7c:22:49,196,60
1492451512.09,00:00:fa:94:2c:7c:22:49,0,0
1492451513.66,00:00:fa:94:2c:7c:22:49,0,0
1492451514.34,00:00:fa:94:2c:7c:22:49,0,0
1492451516.08,00:00:fa:94:2c:7c:22:49,0,0
1492451516.8,00:00:fa:94:2c:7c:22:49,0,0
1492451517.53,00:00:fa:94:2c:7c:22:49,0,0
1492451519.29,00:00:fa:94:2c:7c:22:49,0,0
1492451521.05,00:00:fa:94:2c:7c:22:49,0,0
1492451521.73,00:00:fa:94:2c:7c:22:49,122,60
1492451523.67,00:00:fa:94:2c:7c:22:49,122,60
1492451524.37,00:00:fa:94:2c:7c:22:49,122,60
1492451525.03,00:00:fa:94:2c:7c:22:49,122,60
1492451526.78,00:00:fa:94:2c:7c:22:49,122,60
1492451528.53,00:00:fa:94:2c:7c:22:49,122,60
1492451529.26,00:00:fa:94:2c:7c:22:49,122,60
1492451531.01,00:00:fa:94:2c:7c:22:49,122,60
1492451531.74,00:00:fa:94:2c:7c:22:49,122,60
1492451532.47,00:00:fa:94:2c:7c:22:49,122,60
1492451534.21,00:00:fa:94:2c:7c:22:49,122,60
1492451535.95,00:00:fa:94:2c:7c:22:49,122,60
1492451536.68,00:00:fa:94:2c:7c:22:49,122,60
1492451538.42,00:00:fa:94:2c:7c:22:49,122,60
1492451539.12,00:00:fa:94:2c:7c:22:49,122,60
1492451539.81,00:00:fa:94:2c:7c:22:49,122,60
1492451541.57,00:00:fa:94:2c:7c:22:49,0,0
1492451543.32,00:00:fa:94:2c:7c:22:49,0,0
1492451544.04,00:00:fa:94:2c:7c:22:49,0,0
1492451545.79,00:00:fa:94:2c:7c:22:49,0,0
1492451546.44,00:00:fa:94:2c:7c:22:49,0,0
1492451547.07,00:00:fa:94:2c:7c:22:49,0,0
1492451548.82,00:00:fa:94:2c:7c:22:49,0,0
1492451550.58,00:00:fa:94:2c:7c:22:49,0,0
1492451551.25,00:00:fa:94:2c:7c:22:49,122,60
1492451553.0,00:00:fa:94:2c:7c:22:49,122,60
1492451553.64,00:00:fa:94:2c:7c:22:49,122,60
1492451554.27,00:00:fa:94:2c:7c:22:49,122,60
1492451556.01,00:00:fa:94:2c:7c:22:49,122,60
1492451557.77,00:00:fa:94:2c:7c:22:49,122,60
1492451558.41,00:00:fa:94:2c:7c:22:49,122,60
1492451560.17,00:00:fa:94:2c:7c:22:49,122,60
1492451560.88,00:00:fa:94:2c:7c:22:49,122,60
1492451561.52,00:00:fa:94:2c:7c:22:49,136,140
1492451563.27,00:00:fa:94:2c:7c:22:49,136,140
1492451565.02,00:00:fa:94:2c:7c:22:49,136,140
1492451565.75,00:00:fa:94:2c:7c:22:49,136,140
1492451567.5,00:00:fa:94:2c:7c:22:49,136,140
1492451568.19,00:00:fa:94:2c:7c:22:49,136,140
1492451568.91,00:00:fa:94:2c:7c:22:49,136,140
1492451570.68,00:00:fa:94:2c:7c:22:49,136,140
1492451572.43,00:00:fa:94:2c:7c:22:49,0,0
1492451573.14,00:00:fa:94:2c:7c:22:49,0,0
1492451574.84,00:00:fa:94:2c:7c:22:49,0,0
1492451575.52,00:00:fa:94:2c:7c:22:49,0,0
1492451576.2,00:00:fa:94:2c:7c:22:49,0,0
1492451577.95,00:00:fa:94:2c:7c:22:49,0,0
1492451579.71,00:00:fa:94:2c:7c:22:49,0,0
1492451580.35,00:00:fa:94:2c:7c:22:49,0,0
1492451582.1,00:00:fa:94:2c:7c:22:49,136,66
1492451582.74,00:00:fa:94:2c:7c:22:49,136,66
1492451583.37,00:00:fa:94:2c:7c:22:49,136,66
1492451585.13,00:00:fa:94:2c:7c:22:49,136,66
1492451586.82,00:00:fa:94:2c:7c:22:49,136,66
1492451587.5,00:00:fa:94:2c:7c:22:49,136,66
1492451589.26,00:00:fa:94:2c:7c:22:49,136,66
1492451589.9,00:00:fa:94:2c:7c:22:49,136,66
1492451590.63,00:00:fa:94:2c:7c:22:49,136,66
1492451592.38,00:00:fa:94:2c:7c:22:49,122,60
1492451594.13,00:00:fa:94:2c:7c:22:49,122,60
1492451594.85,00:00:fa:94:2c:7c:22:49,122,60
1492451596.59,00:00:fa:94:2c:7c:22:49,122,60
1492451597.24,00:00:fa:94:2c:7c:22:49,122,60
1492451597.84,00:00:fa:94:2c:7c:22:49,122,60
1492451599.58,00:00:fa:94:2c:7c:22:49,122,60
1492451601.33,00:00:fa:94:2c:7c:22:49,0,0
1492451601.97,00:00:fa:94:2c:7c:22:49,0,0
1492451603.73,00:00:fa:94:2c:7c:22:49,0,0
1492451604.42,00:00:fa:94:2c:7c:22:49,0,0
1492451605.12,00:00:fa:94:2c:7c:22:49,0,0
