1492451385.59,00:00:7a:b1:ab:71:38:4a,85,127
1492451386.32,00:00:7a:b1:ab:71:38:4a,85,127
1492451388.07,00:00:7a:b1:ab:71:38:4a,85,127
1492451389.83,00:00:7a:b1:ab:71:38:4a,85,127
1492451390.44,00:00:7a:b1:ab:71:38:4a,85,127
1492451392.2,00:00:7a:b1:ab:71:38:4a,0,0
1492451392.85,00:00:7a:b1:ab:71:38:4a,0,0
1492451393.58,00:00:7a:b1:ab:71:38:4a,0,0
1492451395.32,00:00:7a:b1:ab:71:38:4a,0,0
1492451397.08,00:00:7a:b1:ab:71:38:4a,0,0
1492451397.87,00:00:7a:b1:ab:71:38:4a,0,0
1492451399.62,00:00:7a:b1:ab:71:38:4a,0,0
1492451400.32,00:00:7a:b1:ab:71:38:4a,0,0
1492451401.09,00:00:7a:b1:ab:71:38:4a,0,0
1492451402.84,00:00:7a:b1:ab:71:38:4a,85,127
1492451404.59,00:00:7a:b1:ab:71:38:4a,85,127
1492451405.26,00:00:7a:b1:ab:71:38:4a,85,127
1492451407.0,00:00:7a:b1:ab:71:38:4a,85,127
1492451407.69,00:00:7a:b1:ab:71:38:4a,85,127
1492451408.3,00:00:7a:b1:ab:71:38:4a,85,127
1492451410.06,00:00:7a:b1:ab:71:38:4a,85,127
1492451411.79,00:00:7a:b1:ab:71:38:4a,85,127
1492451412.4,00:00:7a:b1:ab:71:38:4a,85,127
1492451414.16,00:00:7a:b1:ab:71:38:4a,85,127
1492451414.85,00:00:7a:b1:ab:71:38:4a,85,127
1492451415.57,00:00:7a:b1:ab:71:38:4a,85,127
1492451417.32,00:00:7a:b1:ab:71:38:4a,85,127
1492451418.9,00:00:7a:b1:ab:71:38:4a,85,127
1492451419.67,00:00:7a:b1:ab:71:38:4a,85,127
1492451421.43,00:00:7a:b1:ab:71:38:4a,663238595,189338968
1492451422.15,00:00:7a:b1:ab:71:38:4a,663238595,189338968
1492451422.83,00:00:7a:b1:ab:71:38:4a,663238595,189338968
1492451424.59,00:00:7a:b1:ab:71:38:4a,663238595,189338968
1492451426.2,00:00:7a:b1:ab:71:38:4a,663238595,189338968
1492451426.84,00:00:7a:b1:ab:71:38:4a,663238595,189338968
1492451428.58,00:00:7a:b1:ab:71:38:4a,663238595,189338968
1492451429.32,00:00:7a:b1:ab:71:38:4a,663238595,189338968
1492451430.03,00:00:7a:b1:ab:71:38:4a,663238595,189338968
1492451431.78,00:00:7a:b1:ab:71:38:4a,565875298,942951336
1492451433.4,00:00:7a:b1:ab:71:38:4a,565875298,942951336
1492451434.11,00:00:7a:b1:ab:71:38:4a,565875298,942951336
1492451435.87,00:00:7a:b1:ab:71:38:4a,565875298,942951336
1492451436.61,00:00:7a:b1:ab:71:38:4a,565875298,942951336
1492451437.33,00:00:7a:b1:ab:71:38:4a,565875298,942951336
1492451439.08,00:00:7a:b1:ab:71:38:4a,565875298,942951336
1492451440.68,00:00:7a:b1:ab:71:38:4a,565875298,942951336
1492451441.35,00:00:7a:b1:ab:71:38:4a,811490927,18446744070780108004
1492451443.1,00:00:7a:b1:ab:71:38:4a,811490927,18446744070780108004
1492451443.77,00:00:7a:b1:ab:71:38:4a,811490927,18446744070780108004
1492451444.39,00:00:7a:b1:ab:71:38:4a,811490927,18446744070780108004
1492451446.15,00:00:7a:b1:ab:71:38:4a,811490927,18446744070780108004
1492451447.76,00:00:7a:b1:ab:71:38:4a,811490927,18446744070780108004
1492451448.42,00:00:7a:b1:ab:71:38:4a,811490927,18446744070780108004
1492451450.17,00:00:7a:b1:ab:71:38:4a,811490927,18446744070780108004
1492451450.94,00:00:7a:b1:ab:71:38:4a,811490927,18446744070780108004
1492451451.64,00:00:7a:b1:ab:71:38:4a,1146203046,1306107955
1492451453.39,00:00:7a:b1:ab:71:38:4a,1146203046,1306107955
1492451454.98,00:00:7a:b1:ab:71:38:4a,1146203046,1306107955
1492451455.78,00:00:7a:b1:ab:71:38:4a,1146203046,1306107955
1492451457.52,00:00:7a:b1:ab:71:38:4a,1146203046,1306107955
1492451458.22,00:00:7a:b1:ab:71:38:4a,1146203046,1306107955
1492451458.96,00:00:7a:b1:ab:71:38:4a,1146203046,1306107955
1492451460.7,00:00:7a:b1:ab:71:38:4a,1146203046,1306107955
1492451462.32,00:00:7a:b1:ab:71:38:4a,18446744071521687048,1347939719
1492451463.1,00:00:7a:b1:ab:71:38:4a,18446744071521687048,1347939719
1492451464.85,00:00:7a:b1:ab:71:38:4a,18446744071521687048,1347939719
1492451465.54,00:00:7a:b1:ab:71:38:4a,18446744071521687048,1347939719
1492451466.32,00:00:7a:b1:ab:71:38:4a,18446744071521687048,1347939719
1492451468.07,00:00:7a:b1:ab:71:38:4a,18446744071521687048,1347939719
1492451469.67,00:00:7a:b1:ab:71:38:4a,18446744071521687048,1347939719
1492451470.36,00:00:7a:b1:ab:71:38:4a,18446744071521687048,1347939719
1492451472.1,00:00:7a:b1:ab:71:38:4a,563270012,455324184
1492451472.81,00:00:7a:b1:ab:71:38:4a,563270012,455324184
1492451473.5,00:00:7a:b1:ab:71:38:4a,563270012,455324184
1492451475.25,00:00:7a:b1:ab:71:38:4a,563270012,455324184
1492451476.82,00:00:7a:b1:ab:71:38:4a,563270012,455324184
1492451477.5,00:00:7a:b1:ab:71:38:4a,563270012,455324184
1492451479.25,00:00:7a:b1:ab:71:38:4a,563270012,455324184
1492451479.94,00:00:7a:b1:ab:71:38:4a,563270012,455324184
1492451480.72,00:00:7a:b1:ab:71:38:4a,563270012,455324184
1492451482.47,00:00:7a:b1:ab:71:38:4a,736570214,18446744071160678171
1492451484.08,00:00:7a:b1:ab:71:38:4a,736570214,18446744071160678171
1492451484.86,00:00:7a:b1:ab:71:38:4a,736570214,18446744071160678171
1492451486.61,00:00:7a:b1:ab:71:38:4a,736570214,18446744071160678171
1492451487.43,00:00:7a:b1:ab:71:38:4a,736570214,18446744071160678171
1492451488.09,00:00:7a:b1:ab:71:38:4a,736570214,18446744071160678171
1492451489.85,00:00:7a:b1:ab:71:38:4a,736570214,18446744071160678171
1492451491.44,00:00:7a:b1:ab:71:38:4a,1122447852,1118774837
1492451492.15,00:00:7a:b1:ab:71:38:4a,1122447852,1118774837
1492451493.91,00:00:7a:b1:ab:71:38:4a,1122447852,1118774837
1492451494.92,00:00:7a:b1:ab:71:38:4a,1122447852,1118774837
1492451495.69,00:00:7a:b1:ab:71:38:4a,1122447852,1118774837
1492451497.45,00:00:7a:b1:ab:71:38:4a,1122447852,1118774837
1492451499.03,00:00:7a:b1:ab:71:38:4a,1122447852,1118774837
1492451499.77,00:00:7a:b1:ab:71:38:4a,1122447852,1118774837
1492451501.53,00:00:7a:b1:ab:71:38:4a,18446744071137617749,475180770
1492451502.38,00:00:7a:b1:ab:71:38:4a,18446744071137617749,475180770
1492451503.1,00:00:7a:b1:ab:71:38:4a,18446744071137617749,475180770
1492451504.84,00:00:7a:b1:ab:71:38:4a,18446744071137617749,475180770
1492451506.43,00:00:7a:b1:ab:71:38:4a,18446744071137617749,475180770
1492451507.17,00:00:7a:b1:ab:71:38:4a,18446744071137617749,475180770
1492451508.87,00:00:7a:b1:ab:71:38:4a,18446744071137617749,475180770
1492451509.59,00:00:7a:b1:ab:71:38:4a,18446744071137617749,475180770
1492451510.33,00:00:7a:b1:ab:71:38:4a,18446744071137617749,475180770
1492451512.09,00:00:7a:b1:ab:71:38:4a,1234109712,18446744071708692587
1492451513.67,00:00:7a:b1:ab:71:38:4a,1234109712,18446744071708692587
1492451514.33,00:00:7a:b1:ab:71:38:4a,1234109712,18446744071708692587
1492451516.08,00:00:7a:b1:ab:71:38:4a,1234109712,18446744071708692587
1492451516.8,00:00:7a:b1:ab:71:38:4a,1234109712,18446744071708692587
1492451517.54,00:00:7a:b1:ab:71:38:4a,1234109712,18446744071708692587
1492451519.28,00:00:7a:b1:ab:71:38:4a,1234109712,18446744071708692587
1492451521.04,00:00:7a:b1:ab:71:38:4a,1234109712,18446744071708692587
1492451521.73,00:00:7a:b1:ab:71:38:4a,18446744072888436341,2803959288
1492451523.67,00:00:7a:b1:ab:71:38:4a,18446744072888436341,2803959288
1492451524.36,00:00:7a:b1:ab:71:38:4a,18446744072888436341,2803959288
1492451525.03,00:00:7a:b1:ab:71:38:4a,18446744072888436341,2803959288
1492451526.79,00:00:7a:b1:ab:71:38:4a,18446744072888436341,2803959288
1492451528.53,00:00:7a:b1:ab:71:38:4a,18446744072888436341,2803959288
1492451529.27,00:00:7a:b1:ab:71:38:4a,18446744072888436341,2803959288
1492451531.02,00:00:7a:b1:ab:71:38:4a,18446744072888436341,2803959288
1492451531.74,00:00:7a:b1:ab:71:38:4a,85,127
1492451532.46,00:00:7a:b1:ab:71:38:4a,85,127
1492451534.21,00:00:7a:b1:ab:71:38:4a,85,127
1492451535.95,00:00:7a:b1:ab:71:38:4a,85,127
1492451536.68,00:00:7a:b1:ab:71:38:4a,85,127
1492451538.42,00:00:7a:b1:ab:71:38:4a,85,127
1492451539.12,00:00:7a:b1:ab:71:38:4a,85,127
1492451539.81,00:00:7a:b1:ab:71:38:4a,85,127
1492451541.55,00:00:7a:b1:ab:71:38:4a,0,0
1492451543.31,00:00:7a:b1:ab:71:38:4a,0,0
1492451544.04,00:00:7a:b1:ab:71:38:4a,0,0
1492451545.79,00:00:7a:b1:ab:71:38:4a,0,0
1492451546.44,00:00:7a:b1:ab:71:38:4a,0,0
1492451547.08,00:00:7a:b1:ab:71:38:4a,0,0
1492451548.82,00:00:7a:b1:ab:71:38:4a,0,0
1492451550.58,00:00:7a:b1:ab:71:38:4a,0,0
1492451551.24,00:00:7a:b1:ab:71:38:4a,85,127
1492451552.99,00:00:7a:b1:ab:71:38:4a,85,127
1492451553.64,00:00:7a:b1:ab:71:38:4a,85,127
1492451554.26,00:00:7a:b1:ab:71:38:4a,85,127
1492451556.02,00:00:7a:b1:ab:71:38:4a,85,127
1492451557.77,00:00:7a:b1:ab:71:38:4a,85,127
1492451558.4,00:00:7a:b1:ab:71:38:4a,85,127
1492451560.16,00:00:7a:b1:ab:71:38:4a,85,127
1492451560.88,00:00:7a:b1:ab:71:38:4a,85,127
1492451561.53,00:00:7a:b1:ab:71:38:4a,85,193
1492451563.28,00:00:7a:b1:ab:71:38:4a,85,193
1492451565.02,00:00:7a:b1:ab:71:38:4a,85,193
1492451565.76,00:00:7a:b1:ab:71:38:4a,85,193
1492451567.51,00:00:7a:b1:ab:71:38:4a,85,193
1492451568.2,00:00:7a:b1:ab:71:38:4a,85,193
1492451568.93,00:00:7a:b1:ab:71:38:4a,85,193
1492451570.68,00:00:7a:b1:ab:71:38:4a,85,193
1492451572.41,00:00:7a:b1:ab:71:38:4a,0,0
1492451573.15,00:00:7a:b1:ab:71:38:4a,0,0
1492451574.84,00:00:7a:b1:ab:71:38:4a,0,0
1492451575.52,00:00:7a:b1:ab:71:38:4a,0,0
1492451576.21,00:00:7a:b1:ab:71:38:4a,0,0
1492451577.96,00:00:7a:b1:ab:71:38:4a,0,0
1492451579.71,00:00:7a:b1:ab:71:38:4a,0,0
1492451580.34,00:00:7a:b1:ab:71:38:4a,0,0
1492451582.1,00:00:7a:b1:ab:71:38:4a,95,141
1492451582.73,00:00:7a:b1:ab:71:38:4a,95,141
1492451583.39,00:00:7a:b1:ab:71:38:4a,95,141
1492451585.11,00:00:7a:b1:ab:71:38:4a,95,141
1492451586.82,00:00:7a:b1:ab:71:38:4a,95,141
1492451587.52,00:00:7a:b1:ab:71:38:4a,95,141
1492451589.25,00:00:7a:b1:ab:71:38:4a,95,141
1492451589.9,00:00:7a:b1:ab:71:38:4a,95,141
1492451590.63,00:00:7a:b1:ab:71:38:4a,95,141
1492451592.36,00:00:7a:b1:ab:71:38:4a,85,127
1492451594.12,00:00:7a:b1:ab:71:38:4a,85,127
1492451594.84,00:00:7a:b1:ab:71:38:4a,85,127
1492451596.6,00:00:7a:b1:ab:71:38:4a,85,127
1492451597.22,00:00:7a:b1:ab:71:38:4a,85,127
1492451597.83,00:00:7a:b1:ab:71:38:4a,85,127
1492451599.59,00:00:7a:b1:ab:71:38:4a,85,127
1492451601.33,00:00:7a:b1:ab:71:38:4a,0,0
1492451601.98,00:00:7a:b1:ab:71:38:4a,0,0
1492451603.73,00:00:7a:b1:ab:71:38:4a,0,0
1492451604.43,00:00:7a:b1:ab:71:38:4a,0,0
1492451605.11,00:00:7a:b1:ab:71:38:4a,0,0
