1492451385.59,00:00:ca:5a:d8:5b:d7:45,122,60
1492451386.31,00:00:ca:5a:d8:5b:d7:45,122,60
1492451388.08,00:00:ca:5a:d8:5b:d7:45,122,60
1492451389.83,00:00:ca:5a:d8:5b:d7:45,122,60
1492451390.43,00:00:ca:5a:d8:5b:d7:45,122,60
1492451392.2,00:00:ca:5a:d8:5b:d7:45,0,0
1492451392.86,00:00:ca:5a:d8:5b:d7:45,0,0
1492451393.59,00:00:ca:5a:d8:5b:d7:45,0,0
1492451395.33,00:00:ca:5a:d8:5b:d7:45,0,0
1492451397.09,00:00:ca:5a:d8:5b:d7:45,0,0
1492451397.87,00:00:ca:5a:d8:5b:d7:45,0,0
1492451399.62,00:00:ca:5a:d8:5b:d7:45,0,0
1492451400.32,00:00:ca:5a:d8:5b:d7:45,0,0
1492451401.1,00:00:ca:5a:d8:5b:d7:45,0,0
1492451402.82,00:00:ca:5a:d8:5b:d7:45,122,60
1492451404.58,00:00:ca:5a:d8:5b:d7:45,122,60
1492451405.24,00:00:ca:5a:d8:5b:d7:45,122,60
1492451407.0,00:00:ca:5a:d8:5b:d7:45,122,60
1492451407.68,00:00:ca:5a:d8:5b:d7:45,122,60
1492451408.3,00:00:ca:5a:d8:5b:d7:45,122,60
1492451410.06,00:00:ca:5a:d8:5b:d7:45,122,60
1492451411.8,00:00:ca:5a:d8:5b:d7:45,122,60
1492451412.41,00:00:ca:5a:d8:5b:d7:45,122,60
1492451414.16,00:00:ca:5a:d8:5b:d7:45,122,60
1492451414.86,00:00:ca:5a:d8:5b:d7:45,122,60
1492451415.57,00:00:ca:5a:d8:5b:d7:45,122,60
1492451417.3,00:00:ca:5a:d8:5b:d7:45,122,60
1492451418.91,00:00:ca:5a:d8:5b:d7:45,122,60
1492451419.67,00:00:ca:5a:d8:5b:d7:45,122,60
1492451421.42,00:00:ca:5a:d8:5b:d7:45,81,0
1492451422.14,00:00:ca:5a:d8:5b:d7:45,81,0
1492451422.84,00:00:ca:5a:d8:5b:d7:45,81,0
1492451424.58,00:00:ca:5a:d8:5b:d7:45,81,0
1492451426.2,00:00:ca:5a:d8:5b:d7:45,81,0
1492451426.83,00:00:ca:5a:d8:5b:d7:45,81,0
1492451428.58,00:00:ca:5a:d8:5b:d7:45,81,0
1492451429.32,00:00:ca:5a:d8:5b:d7:45,81,0
1492451430.04,00:00:ca:5a:d8:5b:d7:45,81,0
1492451431.77,00:00:ca:5a:d8:5b:d7:45,122,60
1492451433.39,00:00:ca:5a:d8:5b:d7:45,122,60
1492451434.12,00:00:ca:5a:d8:5b:d7:45,122,60
1492451435.87,00:00:ca:5a:d8:5b:d7:45,122,60
1492451436.62,00:00:ca:5a:d8:5b:d7:45,122,60
1492451437.33,00:00:ca:5a:d8:5b:d7:45,122,60
1492451439.07,00:00:ca:5a:d8:5b:d7:45,122,60
1492451440.68,00:00:ca:5a:d8:5b:d7:45,122,60
1492451441.35,00:00:ca:5a:d8:5b:d7:45,122,60
1492451443.1,00:00:ca:5a:d8:5b:d7:45,122,60
1492451443.75,00:00:ca:5a:d8:5b:d7:45,122,60
1492451444.39,00:00:ca:5a:d8:5b:d7:45,122,60
1492451446.14,00:00:ca:5a:d8:5b:d7:45,122,60
1492451447.76,00:00:ca:5a:d8:5b:d7:45,122,60
1492451448.43,00:00:ca:5a:d8:5b:d7:45,122,60
1492451450.19,00:00:ca:5a:d8:5b:d7:45,122,60
1492451450.95,00:00:ca:5a:d8:5b:d7:45,122,60
1492451451.64,00:00:ca:5a:d8:5b:d7:45,0,0
1492451453.37,00:00:ca:5a:d8:5b:d7:45,0,0
1492451455.0,00:00:ca:5a:d8:5b:d7:45,0,0
1492451455.76,00:00:ca:5a:d8:5b:d7:45,0,0
1492451457.51,00:00:ca:5a:d8:5b:d7:45,0,0
1492451458.23,00:00:ca:5a:d8:5b:d7:45,0,0
1492451458.95,00:00:ca:5a:d8:5b:d7:45,0,0
1492451460.71,00:00:ca:5a:d8:5b:d7:45,0,0
1492451462.31,00:00:ca:5a:d8:5b:d7:45,196,60
1492451463.11,00:00:ca:5a:d8:5b:d7:45,196,60
1492451464.85,00:00:ca:5a:d8:5b:d7:45,196,60
1492451465.55,00:00:ca:5a:d8:5b:d7:45,196,60
1492451466.33,00:00:ca:5a:d8:5b:d7:45,196,60
1492451468.07,00:00:ca:5a:d8:5b:d7:45,196,60
1492451469.68,00:00:ca:5a:d8:5b:d7:45,196,60
1492451470.37,00:00:ca:5a:d8:5b:d7:45,196,60
1492451472.1,00:00:ca:5a:d8:5b:d7:45,122,60
1492451472.81,00:00:ca:5a:d8:5b:d7:45,122,60
1492451473.51,00:00:ca:5a:d8:5b:d7:45,122,60
1492451475.24,00:00:ca:5a:d8:5b:d7:45,122,60
1492451476.82,00:00:ca:5a:d8:5b:d7:45,122,60
1492451477.51,00:00:ca:5a:d8:5b:d7:45,122,60
1492451479.25,00:00:ca:5a:d8:5b:d7:45,122,60
1492451479.94,00:00:ca:5a:d8:5b:d7:45,122,60
1492451480.72,00:00:ca:5a:d8:5b:d7:45,122,60
1492451482.47,00:00:ca:5a:d8:5b:d7:45,0,0
1492451484.07,00:00:ca:5a:d8:5b:d7:45,0,0
1492451484.87,00:00:ca:5a:d8:5b:d7:45,0,0
1492451486.61,00:00:ca:5a:d8:5b:d7:45,0,0
1492451487.43,00:00:ca:5a:d8:5b:d7:45,0,0
1492451488.1,00:00:ca:5a:d8:5b:d7:45,0,0
1492451489.84,00:00:ca:5a:d8:5b:d7:45,0,0
1492451491.45,00:00:ca:5a:d8:5b:d7:45,122,60
1492451492.16,00:00:ca:5a:d8:5b:d7:45,122,60
1492451493.92,00:00:ca:5a:d8:5b:d7:45,122,60
1492451494.91,00:00:ca:5a:d8:5b:d7:45,122,60
1492451495.69,00:00:ca:5a:d8:5b:d7:45,122,60
1492451497.44,00:00:ca:5a:d8:5b:d7:45,122,60
1492451499.03,00:00:ca:5a:d8:5b:d7:45,122,60
1492451499.78,00:00:ca:5a:d8:5b:d7:45,122,60
1492451501.54,00:00:ca:5a:d8:5b:d7:45,196,60
1492451502.39,00:00:ca:5a:d8:5b:d7:45,196,60
1492451503.1,00:00:ca:5a:d8:5b:d7:45,196,60
1492451504.86,00:00:ca:5a:d8:5b:d7:45,196,60
1492451506.44,00:00:ca:5a:d8:5b:d7:45,196,60
1492451507.16,00:00:ca:5a:d8:5b:d7:45,196,60
1492451508.88,00:00:ca:5a:d8:5b:d7:45,196,60
1492451509.6,00:00:ca:5a:d8:5b:d7:45,196,60
1492451510.33,00:00:ca:5a:d8:5b:d7:45,196,60
1492451512.09,00:00:ca:5a:d8:5b:d7:45,0,0
1492451513.66,00:00:ca:5a:d8:5b:d7:45,0,0
1492451514.34,00:00:ca:5a:d8:5b:d7:45,0,0
1492451516.09,00:00:ca:5a:d8:5b:d7:45,0,0
1492451516.81,00:00:ca:5a:d8:5b:d7:45,0,0
1492451517.54,00:00:ca:5a:d8:5b:d7:45,0,0
1492451519.28,00:00:ca:5a:d8:5b:d7:45,0,0
1492451521.03,00:00:ca:5a:d8:5b:d7:45,0,0
1492451521.74,00:00:ca:5a:d8:5b:d7:45,122,60
1492451523.67,00:00:ca:5a:d8:5b:d7:45,122,60
1492451524.36,00:00:ca:5a:d8:5b:d7:45,122,60
1492451525.03,00:00:ca:5a:d8:5b:d7:45,122,60
1492451526.79,00:00:ca:5a:d8:5b:d7:45,122,60
1492451528.54,00:00:ca:5a:d8:5b:d7:45,122,60
1492451529.27,00:00:ca:5a:d8:5b:d7:45,122,60
1492451531.02,00:00:ca:5a:d8:5b:d7:45,122,60
1492451531.74,00:00:ca:5a:d8:5b:d7:45,122,60
1492451532.47,00:00:ca:5a:d8:5b:d7:45,122,60
1492451534.2,00:00:ca:5a:d8:5b:d7:45,122,60
1492451535.94,00:00:ca:5a:d8:5b:d7:45,122,60
1492451536.67,00:00:ca:5a:d8:5b:d7:45,122,60
1492451538.43,00:00:ca:5a:d8:5b:d7:45,122,60
1492451539.13,00:00:ca:5a:d8:5b:d7:45,122,60
1492451539.82,00:00:ca:5a:d8:5b:d7:45,122,60
1492451541.56,00:00:ca:5a:d8:5b:d7:45,0,0
1492451543.32,00:00:ca:5a:d8:5b:d7:45,0,0
1492451544.04,00:00:ca:5a:d8:5b:d7:45,0,0
1492451545.8,00:00:ca:5a:d8:5b:d7:45,0,0
1492451546.44,00:00:ca:5a:d8:5b:d7:45,0,0
1492451547.09,00:00:ca:5a:d8:5b:d7:45,0,0
1492451548.82,00:00:ca:5a:d8:5b:d7:45,0,0
1492451550.58,00:00:ca:5a:d8:5b:d7:45,0,0
1492451551.25,00:00:ca:5a:d8:5b:d7:45,122,60
1492451552.99,00:00:ca:5a:d8:5b:d7:45,122,60
1492451553.63,00:00:ca:5a:d8:5b:d7:45,122,60
1492451554.27,00:00:ca:5a:d8:5b:d7:45,122,60
1492451556.02,00:00:ca:5a:d8:5b:d7:45,122,60
1492451557.76,00:00:ca:5a:d8:5b:d7:45,122,60
1492451558.4,00:00:ca:5a:d8:5b:d7:45,122,60
1492451560.17,00:00:ca:5a:d8:5b:d7:45,122,60
1492451560.88,00:00:ca:5a:d8:5b:d7:45,122,60
1492451561.52,00:00:ca:5a:d8:5b:d7:45,136,140
1492451563.29,00:00:ca:5a:d8:5b:d7:45,136,140
1492451565.03,00:00:ca:5a:d8:5b:d7:45,136,140
1492451565.75,00:00:ca:5a:d8:5b:d7:45,136,140
1492451567.51,00:00:ca:5a:d8:5b:d7:45,136,140
1492451568.2,00:00:ca:5a:d8:5b:d7:45,136,140
1492451568.93,00:00:ca:5a:d8:5b:d7:45,136,140
1492451570.66,00:00:ca:5a:d8:5b:d7:45,136,140
1492451572.42,00:00:ca:5a:d8:5b:d7:45,0,0
1492451573.15,00:00:ca:5a:d8:5b:d7:45,0,0
1492451574.84,00:00:ca:5a:d8:5b:d7:45,0,0
1492451575.53,00:00:ca:5a:d8:5b:d7:45,0,0
1492451576.21,00:00:ca:5a:d8:5b:d7:45,0,0
1492451577.95,00:00:ca:5a:d8:5b:d7:45,0,0
1492451579.71,00:00:ca:5a:d8:5b:d7:45,0,0
1492451580.35,00:00:ca:5a:d8:5b:d7:45,0,0
1492451582.09,00:00:ca:5a:d8:5b:d7:45,136,66
1492451582.73,00:00:ca:5a:d8:5b:d7:45,136,66
1492451583.39,00:00:ca:5a:d8:5b:d7:45,136,66
1492451585.12,00:00:ca:5a:d8:5b:d7:45,136,66
1492451586.82,00:00:ca:5a:d8:5b:d7:45,136,66
1492451587.5,00:00:ca:5a:d8:5b:d7:45,136,66
1492451589.26,00:00:ca:5a:d8:5b:d7:45,136,66
1492451589.9,00:00:ca:5a:d8:5b:d7:45,136,66
1492451590.64,00:00:ca:5a:d8:5b:d7:45,136,66
1492451592.37,00:00:ca:5a:d8:5b:d7:45,122,60
1492451594.12,00:00:ca:5a:d8:5b:d7:45,122,60
1492451594.84,00:00:ca:5a:d8:5b:d7:45,122,60
1492451596.6,00:00:ca:5a:d8:5b:d7:45,122,60
1492451597.23,00:00:ca:5a:d8:5b:d7:45,122,60
1492451597.84,00:00:ca:5a:d8:5b:d7:45,122,60
1492451599.59,00:00:ca:5a:d8:5b:d7:45,122,60
1492451601.34,00:00:ca:5a:d8:5b:d7:45,0,0
1492451601.98,00:00:ca:5a:d8:5b:d7:45,0,0
1492451603.74,00:00:ca:5a:d8:5b:d7:45,0,0
1492451604.41,00:00:ca:5a:d8:5b:d7:45,0,0
1492451605.1,00:00:ca:5a:d8:5b:d7:45,0,0
