1492451385.6,00:02:00:01:e8:a7:a7:15,102,54
1492451386.31,00:02:00:01:e8:a7:a7:15,102,54
1492451388.08,00:02:00:01:e8:a7:a7:15,102,54
1492451389.83,00:02:00:01:e8:a7:a7:15,102,54
1492451390.44,00:02:00:01:e8:a7:a7:15,102,54
1492451392.18,00:02:00:01:e8:a7:a7:15,73,73
1492451392.85,00:02:00:01:e8:a7:a7:15,73,73
1492451393.59,00:02:00:01:e8:a7:a7:15,73,73
1492451395.33,00:02:00:01:e8:a7:a7:15,73,73
1492451397.08,00:02:00:01:e8:a7:a7:15,73,73
1492451397.86,00:02:00:01:e8:a7:a7:15,73,73
1492451399.62,00:02:00:01:e8:a7:a7:15,73,73
1492451400.31,00:02:00:01:e8:a7:a7:15,73,73
1492451401.08,00:02:00:01:e8:a7:a7:15,73,73
1492451402.82,00:02:00:01:e8:a7:a7:15,168,120
1492451404.59,00:02:00:01:e8:a7:a7:15,168,120
1492451405.26,00:02:00:01:e8:a7:a7:15,168,120
1492451406.99,00:02:00:01:e8:a7:a7:15,168,120
1492451407.7,00:02:00:01:e8:a7:a7:15,168,120
1492451408.31,00:02:00:01:e8:a7:a7:15,168,120
1492451410.06,00:02:00:01:e8:a7:a7:15,168,120
1492451411.8,00:02:00:01:e8:a7:a7:15,168,120
1492451412.41,00:02:00:01:e8:a7:a7:15,168,120
1492451414.14,00:02:00:01:e8:a7:a7:15,168,120
1492451414.85,00:02:00:01:e8:a7:a7:15,168,120
1492451415.58,00:02:00:01:e8:a7:a7:15,168,120
1492451417.31,00:02:00:01:e8:a7:a7:15,168,120
1492451418.9,00:02:00:01:e8:a7:a7:15,168,120
1492451419.68,00:02:00:01:e8:a7:a7:15,168,120
1492451421.44,00:02:00:01:e8:a7:a7:15,2775030264,3292456634
1492451422.13,00:02:00:01:e8:a7:a7:15,2775030264,3292456634
1492451422.84,00:02:00:01:e8:a7:a7:15,2775030264,3292456634
1492451424.58,00:02:00:01:e8:a7:a7:15,2775030264,3292456634
1492451426.19,00:02:00:01:e8:a7:a7:15,2775030264,3292456634
1492451426.83,00:02:00:01:e8:a7:a7:15,2775030264,3292456634
1492451428.58,00:02:00:01:e8:a7:a7:15,2775030264,3292456634
1492451429.31,00:02:00:01:e8:a7:a7:15,2775030264,3292456634
1492451430.04,00:02:00:01:e8:a7:a7:15,2775030264,3292456634
1492451431.78,00:02:00:01:e8:a7:a7:15,8436718280,8381166365
1492451433.39,00:02:00:01:e8:a7:a7:15,8436718280,8381166365
1492451434.12,00:02:00:01:e8:a7:a7:15,8436718280,8381166365
1492451435.86,00:02:00:01:e8:a7:a7:15,8436718280,8381166365
1492451436.62,00:02:00:01:e8:a7:a7:15,8436718280,8381166365
1492451437.35,00:02:00:01:e8:a7:a7:15,8436718280,8381166365
1492451439.09,00:02:00:01:e8:a7:a7:15,8436718280,8381166365
1492451440.67,00:02:00:01:e8:a7:a7:15,8436718280,8381166365
1492451441.35,00:02:00:01:e8:a7:a7:15,7970595186,7989305428
1492451443.11,00:02:00:01:e8:a7:a7:15,7970595186,7989305428
1492451443.76,00:02:00:01:e8:a7:a7:15,7970595186,7989305428
1492451444.4,00:02:00:01:e8:a7:a7:15,7970595186,7989305428
1492451446.13,00:02:00:01:e8:a7:a7:15,7970595186,7989305428
1492451447.76,00:02:00:01:e8:a7:a7:15,7970595186,7989305428
1492451448.43,00:02:00:01:e8:a7:a7:15,7970595186,7989305428
1492451450.18,00:02:00:01:e8:a7:a7:15,7970595186,7989305428
1492451450.94,00:02:00:01:e8:a7:a7:15,7970595186,7989305428
1492451451.63,00:02:00:01:e8:a7:a7:15,8833642044,8792366812
1492451453.38,00:02:00:01:e8:a7:a7:15,8833642044,8792366812
1492451455.0,00:02:00:01:e8:a7:a7:15,8833642044,8792366812
1492451455.76,00:02:00:01:e8:a7:a7:15,8833642044,8792366812
1492451457.53,00:02:00:01:e8:a7:a7:15,8833642044,8792366812
1492451458.23,00:02:00:01:e8:a7:a7:15,8833642044,8792366812
1492451458.96,00:02:00:01:e8:a7:a7:15,8833642044,8792366812
1492451460.69,00:02:00:01:e8:a7:a7:15,8833642044,8792366812
1492451462.31,00:02:00:01:e8:a7:a7:15,8941211887,8869895496
1492451463.11,00:02:00:01:e8:a7:a7:15,8941211887,8869895496
1492451464.85,00:02:00:01:e8:a7:a7:15,8941211887,8869895496
1492451465.55,00:02:00:01:e8:a7:a7:15,8941211887,8869895496
1492451466.33,00:02:00:01:e8:a7:a7:15,8941211887,8869895496
1492451468.07,00:02:00:01:e8:a7:a7:15,8941211887,8869895496
1492451469.66,00:02:00:01:e8:a7:a7:15,8941211887,8869895496
1492451470.36,00:02:00:01:e8:a7:a7:15,8941211887,8869895496
1492451472.1,00:02:00:01:e8:a7:a7:15,4414412286,4060879081
1492451472.81,00:02:00:01:e8:a7:a7:15,4414412286,4060879081
1492451473.51,00:02:00:01:e8:a7:a7:15,4414412286,4060879081
1492451475.25,00:02:00:01:e8:a7:a7:15,4414412286,4060879081
1492451476.8,00:02:00:01:e8:a7:a7:15,4414412286,4060879081
1492451477.5,00:02:00:01:e8:a7:a7:15,4414412286,4060879081
1492451479.27,00:02:00:01:e8:a7:a7:15,4414412286,4060879081
1492451479.95,00:02:00:01:e8:a7:a7:15,4414412286,4060879081
1492451480.73,00:02:00:01:e8:a7:a7:15,4414412286,4060879081
1492451482.47,00:02:00:01:e8:a7:a7:15,7597973983,7986426799
1492451484.07,00:02:00:01:e8:a7:a7:15,7597973983,7986426799
1492451484.86,00:02:00:01:e8:a7:a7:15,7597973983,7986426799
1492451486.61,00:02:00:01:e8:a7:a7:15,7597973983,7986426799
1492451487.43,00:02:00:01:e8:a7:a7:15,7597973983,7986426799
1492451488.1,00:02:00:01:e8:a7:a7:15,7597973983,7986426799
1492451489.84,00:02:00:01:e8:a7:a7:15,7597973983,7986426799
1492451491.44,00:02:00:01:e8:a7:a7:15,8784561056,8621988632
1492451492.16,00:02:00:01:e8:a7:a7:15,8784561056,8621988632
1492451493.9,00:02:00:01:e8:a7:a7:15,8784561056,8621988632
1492451494.92,00:02:00:01:e8:a7:a7:15,8784561056,8621988632
1492451495.7,00:02:00:01:e8:a7:a7:15,8784561056,8621988632
1492451497.44,00:02:00:01:e8:a7:a7:15,8784561056,8621988632
1492451499.04,00:02:00:01:e8:a7:a7:15,8784561056,8621988632
1492451499.78,00:02:00:01:e8:a7:a7:15,8784561056,8621988632
1492451501.54,00:02:00:01:e8:a7:a7:15,8355917145,8273610225
1492451502.39,00:02:00:01:e8:a7:a7:15,8355917145,8273610225
1492451503.1,00:02:00:01:e8:a7:a7:15,8355917145,8273610225
1492451504.85,00:02:00:01:e8:a7:a7:15,8355917145,8273610225
1492451506.44,00:02:00:01:e8:a7:a7:15,8355917145,8273610225
1492451507.17,00:02:00:01:e8:a7:a7:15,8355917145,8273610225
1492451508.88,00:02:00:01:e8:a7:a7:15,8355917145,8273610225
1492451509.61,00:02:00:01:e8:a7:a7:15,8355917145,8273610225
1492451510.34,00:02:00:01:e8:a7:a7:15,8355917145,8273610225
1492451512.08,00:02:00:01:e8:a7:a7:15,8281997562,8471078149
1492451513.68,00:02:00:01:e8:a7:a7:15,8281997562,8471078149
1492451514.32,00:02:00:01:e8:a7:a7:15,8281997562,8471078149
1492451516.09,00:02:00:01:e8:a7:a7:15,8281997562,8471078149
1492451516.8,00:02:00:01:e8:a7:a7:15,8281997562,8471078149
1492451517.54,00:02:00:01:e8:a7:a7:15,8281997562,8471078149
1492451519.3,00:02:00:01:e8:a7:a7:15,8281997562,8471078149
1492451521.05,00:02:00:01:e8:a7:a7:15,8281997562,8471078149
1492451521.74,00:02:00:01:e8:a7:a7:15,6600984108,6142025282
1492451523.67,00:02:00:01:e8:a7:a7:15,6600984108,6142025282
1492451524.36,00:02:00:01:e8:a7:a7:15,6600984108,6142025282
1492451525.04,00:02:00:01:e8:a7:a7:15,6600984108,6142025282
1492451526.78,00:02:00:01:e8:a7:a7:15,6600984108,6142025282
1492451528.54,00:02:00:01:e8:a7:a7:15,6600984108,6142025282
1492451529.26,00:02:00:01:e8:a7:a7:15,6600984108,6142025282
1492451531.01,00:02:00:01:e8:a7:a7:15,6600984108,6142025282
1492451531.74,00:02:00:01:e8:a7:a7:15,0,0
1492451532.47,00:02:00:01:e8:a7:a7:15,0,0
1492451534.2,00:02:00:01:e8:a7:a7:15,0,0
1492451535.96,00:02:00:01:e8:a7:a7:15,0,0
1492451536.67,00:02:00:01:e8:a7:a7:15,0,0
1492451538.43,00:02:00:01:e8:a7:a7:15,0,0
1492451539.11,00:02:00:01:e8:a7:a7:15,0,0
1492451539.82,00:02:00:01:e8:a7:a7:15,0,0
1492451541.56,00:02:00:01:e8:a7:a7:15,168,120
1492451543.32,00:02:00:01:e8:a7:a7:15,168,120
1492451544.05,00:02:00:01:e8:a7:a7:15,168,120
1492451545.81,00:02:00:01:e8:a7:a7:15,168,120
1492451546.44,00:02:00:01:e8:a7:a7:15,168,120
1492451547.09,00:02:00:01:e8:a7:a7:15,168,120
1492451548.83,00:02:00:01:e8:a7:a7:15,168,120
1492451550.58,00:02:00:01:e8:a7:a7:15,168,120
1492451551.24,00:02:00:01:e8:a7:a7:15,168,120
1492451552.99,00:02:00:01:e8:a7:a7:15,168,120
1492451553.63,00:02:00:01:e8:a7:a7:15,168,120
1492451554.28,00:02:00:01:e8:a7:a7:15,168,120
1492451556.03,00:02:00:01:e8:a7:a7:15,168,120
1492451557.76,00:02:00:01:e8:a7:a7:15,168,120
1492451558.42,00:02:00:01:e8:a7:a7:15,168,120
1492451560.16,00:02:00:01:e8:a7:a7:15,168,120
1492451560.89,00:02:00:01:e8:a7:a7:15,168,120
1492451561.52,00:02:00:01:e8:a7:a7:15,113,60
1492451563.28,00:02:00:01:e8:a7:a7:15,113,60
1492451565.03,00:02:00:01:e8:a7:a7:15,113,60
1492451565.76,00:02:00:01:e8:a7:a7:15,113,60
1492451567.5,00:02:00:01:e8:a7:a7:15,113,60
1492451568.2,00:02:00:01:e8:a7:a7:15,113,60
1492451568.92,00:02:00:01:e8:a7:a7:15,113,60
1492451570.67,00:02:00:01:e8:a7:a7:15,113,60
1492451572.43,00:02:00:01:e8:a7:a7:15,66,66
1492451573.15,00:02:00:01:e8:a7:a7:15,66,66
1492451574.83,00:02:00:01:e8:a7:a7:15,66,66
1492451575.53,00:02:00:01:e8:a7:a7:15,66,66
1492451576.2,00:02:00:01:e8:a7:a7:15,66,66
1492451577.95,00:02:00:01:e8:a7:a7:15,66,66
1492451579.7,00:02:00:01:e8:a7:a7:15,66,66
1492451580.36,00:02:00:01:e8:a7:a7:15,66,66
1492451582.1,00:02:00:01:e8:a7:a7:15,187,134
1492451582.73,00:02:00:01:e8:a7:a7:15,187,134
1492451583.38,00:02:00:01:e8:a7:a7:15,187,134
1492451585.13,00:02:00:01:e8:a7:a7:15,187,134
1492451586.81,00:02:00:01:e8:a7:a7:15,187,134
1492451587.51,00:02:00:01:e8:a7:a7:15,187,134
1492451589.25,00:02:00:01:e8:a7:a7:15,187,134
1492451589.89,00:02:00:01:e8:a7:a7:15,187,134
1492451590.63,00:02:00:01:e8:a7:a7:15,187,134
1492451592.38,00:02:00:01:e8:a7:a7:15,168,120
1492451594.13,00:02:00:01:e8:a7:a7:15,168,120
1492451594.85,00:02:00:01:e8:a7:a7:15,168,120
1492451596.59,00:02:00:01:e8:a7:a7:15,168,120
1492451597.22,00:02:00:01:e8:a7:a7:15,168,120
1492451597.85,00:02:00:01:e8:a7:a7:15,168,120
1492451599.59,00:02:00:01:e8:a7:a7:15,168,120
1492451601.34,00:02:00:01:e8:a7:a7:15,0,0
1492451601.98,00:02:00:01:e8:a7:a7:15,0,0
1492451603.74,00:02:00:01:e8:a7:a7:15,0,0
1492451604.42,00:02:00:01:e8:a7:a7:15,0,0
1492451605.11,00:02:00:01:e8:a7:a7:15,0,0
