1492451385.58,00:00:5a:1b:6b:3a:9d:4f,122,60
1492451386.31,00:00:5a:1b:6b:3a:9d:4f,122,60
1492451388.07,00:00:5a:1b:6b:3a:9d:4f,122,60
1492451389.82,00:00:5a:1b:6b:3a:9d:4f,122,60
1492451390.43,00:00:5a:1b:6b:3a:9d:4f,122,60
1492451392.19,00:00:5a:1b:6b:3a:9d:4f,0,0
1492451392.87,00:00:5a:1b:6b:3a:9d:4f,0,0
1492451393.58,00:00:5a:1b:6b:3a:9d:4f,0,0
1492451395.33,00:00:5a:1b:6b:3a:9d:4f,0,0
1492451397.09,00:00:5a:1b:6b:3a:9d:4f,0,0
1492451397.88,00:00:5a:1b:6b:3a:9d:4f,0,0
1492451399.61,00:00:5a:1b:6b:3a:9d:4f,0,0
1492451400.31,00:00:5a:1b:6b:3a:9d:4f,0,0
1492451401.09,00:00:5a:1b:6b:3a:9d:4f,0,0
1492451402.83,00:00:5a:1b:6b:3a:9d:4f,122,60
1492451404.59,00:00:5a:1b:6b:3a:9d:4f,122,60
1492451405.25,00:00:5a:1b:6b:3a:9d:4f,122,60
1492451407.0,00:00:5a:1b:6b:3a:9d:4f,122,60
1492451407.69,00:00:5a:1b:6b:3a:9d:4f,122,60
1492451408.31,00:00:5a:1b:6b:3a:9d:4f,122,60
1492451410.05,00:00:5a:1b:6b:3a:9d:4f,122,60
1492451411.8,00:00:5a:1b:6b:3a:9d:4f,122,60
1492451412.41,00:00:5a:1b:6b:3a:9d:4f,122,60
1492451414.15,00:00:5a:1b:6b:3a:9d:4f,122,60
1492451414.85,00:00:5a:1b:6b:3a:9d:4f,122,60
1492451415.56,00:00:5a:1b:6b:3a:9d:4f,122,60
1492451417.31,00:00:5a:1b:6b:3a:9d:4f,122,60
1492451418.9,00:00:5a:1b:6b:3a:9d:4f,122,60
1492451419.67,00:00:5a:1b:6b:3a:9d:4f,122,60
1492451421.42,00:00:5a:1b:6b:3a:9d:4f,81,0
1492451422.14,00:00:5a:1b:6b:3a:9d:4f,81,0
1492451422.84,00:00:5a:1b:6b:3a:9d:4f,81,0
1492451424.58,00:00:5a:1b:6b:3a:9d:4f,81,0
1492451426.19,00:00:5a:1b:6b:3a:9d:4f,81,0
1492451426.82,00:00:5a:1b:6b:3a:9d:4f,81,0
1492451428.57,00:00:5a:1b:6b:3a:9d:4f,81,0
1492451429.31,00:00:5a:1b:6b:3a:9d:4f,81,0
1492451430.03,00:00:5a:1b:6b:3a:9d:4f,81,0
1492451431.78,00:00:5a:1b:6b:3a:9d:4f,122,60
1492451433.39,00:00:5a:1b:6b:3a:9d:4f,122,60
1492451434.11,00:00:5a:1b:6b:3a:9d:4f,122,60
1492451435.86,00:00:5a:1b:6b:3a:9d:4f,122,60
1492451436.6,00:00:5a:1b:6b:3a:9d:4f,122,60
1492451437.34,00:00:5a:1b:6b:3a:9d:4f,122,60
1492451439.08,00:00:5a:1b:6b:3a:9d:4f,122,60
1492451440.68,00:00:5a:1b:6b:3a:9d:4f,122,60
1492451441.35,00:00:5a:1b:6b:3a:9d:4f,122,126
1492451443.11,00:00:5a:1b:6b:3a:9d:4f,122,126
1492451443.76,00:00:5a:1b:6b:3a:9d:4f,122,126
1492451444.4,00:00:5a:1b:6b:3a:9d:4f,122,126
1492451446.15,00:00:5a:1b:6b:3a:9d:4f,122,126
1492451447.75,00:00:5a:1b:6b:3a:9d:4f,122,126
1492451448.43,00:00:5a:1b:6b:3a:9d:4f,122,126
1492451450.19,00:00:5a:1b:6b:3a:9d:4f,122,126
1492451450.94,00:00:5a:1b:6b:3a:9d:4f,122,126
1492451451.64,00:00:5a:1b:6b:3a:9d:4f,0,0
1492451453.38,00:00:5a:1b:6b:3a:9d:4f,0,0
1492451454.99,00:00:5a:1b:6b:3a:9d:4f,0,0
1492451455.77,00:00:5a:1b:6b:3a:9d:4f,0,0
1492451457.53,00:00:5a:1b:6b:3a:9d:4f,0,0
1492451458.22,00:00:5a:1b:6b:3a:9d:4f,0,0
1492451458.95,00:00:5a:1b:6b:3a:9d:4f,0,0
1492451460.71,00:00:5a:1b:6b:3a:9d:4f,0,0
1492451462.33,00:00:5a:1b:6b:3a:9d:4f,196,60
1492451463.11,00:00:5a:1b:6b:3a:9d:4f,196,60
1492451464.85,00:00:5a:1b:6b:3a:9d:4f,196,60
1492451465.54,00:00:5a:1b:6b:3a:9d:4f,196,60
1492451466.32,00:00:5a:1b:6b:3a:9d:4f,196,60
1492451468.06,00:00:5a:1b:6b:3a:9d:4f,196,60
1492451469.67,00:00:5a:1b:6b:3a:9d:4f,196,60
1492451470.36,00:00:5a:1b:6b:3a:9d:4f,196,60
1492451472.11,00:00:5a:1b:6b:3a:9d:4f,122,60
1492451472.82,00:00:5a:1b:6b:3a:9d:4f,122,60
1492451473.51,00:00:5a:1b:6b:3a:9d:4f,122,60
1492451475.24,00:00:5a:1b:6b:3a:9d:4f,122,60
1492451476.81,00:00:5a:1b:6b:3a:9d:4f,122,60
1492451477.5,00:00:5a:1b:6b:3a:9d:4f,122,60
1492451479.26,00:00:5a:1b:6b:3a:9d:4f,122,60
1492451479.95,00:00:5a:1b:6b:3a:9d:4f,122,60
1492451480.72,00:00:5a:1b:6b:3a:9d:4f,122,60
1492451482.48,00:00:5a:1b:6b:3a:9d:4f,0,0
1492451484.08,00:00:5a:1b:6b:3a:9d:4f,0,0
1492451484.86,00:00:5a:1b:6b:3a:9d:4f,0,0
1492451486.62,00:00:5a:1b:6b:3a:9d:4f,0,0
1492451487.42,00:00:5a:1b:6b:3a:9d:4f,0,0
1492451488.09,00:00:5a:1b:6b:3a:9d:4f,0,0
1492451489.84,00:00:5a:1b:6b:3a:9d:4f,0,0
1492451491.45,00:00:5a:1b:6b:3a:9d:4f,122,60
1492451492.16,00:00:5a:1b:6b:3a:9d:4f,122,60
1492451493.91,00:00:5a:1b:6b:3a:9d:4f,122,60
1492451494.92,00:00:5a:1b:6b:3a:9d:4f,122,60
1492451495.7,00:00:5a:1b:6b:3a:9d:4f,122,60
1492451497.45,00:00:5a:1b:6b:3a:9d:4f,122,60
1492451499.02,00:00:5a:1b:6b:3a:9d:4f,122,60
1492451499.78,00:00:5a:1b:6b:3a:9d:4f,122,60
1492451501.53,00:00:5a:1b:6b:3a:9d:4f,196,60
1492451502.39,00:00:5a:1b:6b:3a:9d:4f,196,60
1492451503.11,00:00:5a:1b:6b:3a:9d:4f,196,60
1492451504.85,00:00:5a:1b:6b:3a:9d:4f,196,60
1492451506.43,00:00:5a:1b:6b:3a:9d:4f,196,60
1492451507.18,00:00:5a:1b:6b:3a:9d:4f,196,60
1492451508.88,00:00:5a:1b:6b:3a:9d:4f,196,60
1492451509.61,00:00:5a:1b:6b:3a:9d:4f,196,60
1492451510.34,00:00:5a:1b:6b:3a:9d:4f,196,60
1492451512.08,00:00:5a:1b:6b:3a:9d:4f,0,0
1492451513.67,00:00:5a:1b:6b:3a:9d:4f,0,0
1492451514.34,00:00:5a:1b:6b:3a:9d:4f,0,0
1492451516.07,00:00:5a:1b:6b:3a:9d:4f,0,0
1492451516.81,00:00:5a:1b:6b:3a:9d:4f,0,0
1492451517.53,00:00:5a:1b:6b:3a:9d:4f,0,0
1492451519.28,00:00:5a:1b:6b:3a:9d:4f,0,0
1492451521.04,00:00:5a:1b:6b:3a:9d:4f,0,0
1492451521.74,00:00:5a:1b:6b:3a:9d:4f,122,60
1492451523.66,00:00:5a:1b:6b:3a:9d:4f,122,60
1492451524.37,00:00:5a:1b:6b:3a:9d:4f,122,60
1492451525.04,00:00:5a:1b:6b:3a:9d:4f,122,60
1492451526.79,00:00:5a:1b:6b:3a:9d:4f,122,60
1492451528.53,00:00:5a:1b:6b:3a:9d:4f,122,60
1492451529.27,00:00:5a:1b:6b:3a:9d:4f,122,60
1492451531.0,00:00:5a:1b:6b:3a:9d:4f,122,60
1492451531.73,00:00:5a:1b:6b:3a:9d:4f,122,60
1492451532.46,00:00:5a:1b:6b:3a:9d:4f,122,60
1492451534.21,00:00:5a:1b:6b:3a:9d:4f,122,60
1492451535.95,00:00:5a:1b:6b:3a:9d:4f,122,60
1492451536.68,00:00:5a:1b:6b:3a:9d:4f,122,60
1492451538.44,00:00:5a:1b:6b:3a:9d:4f,122,60
1492451539.11,00:00:5a:1b:6b:3a:9d:4f,122,60
1492451539.8,00:00:5a:1b:6b:3a:9d:4f,122,60
1492451541.56,00:00:5a:1b:6b:3a:9d:4f,0,0
1492451543.31,00:00:5a:1b:6b:3a:9d:4f,0,0
1492451544.04,00:00:5a:1b:6b:3a:9d:4f,0,0
1492451545.79,00:00:5a:1b:6b:3a:9d:4f,0,0
1492451546.43,00:00:5a:1b:6b:3a:9d:4f,0,0
1492451547.07,00:00:5a:1b:6b:3a:9d:4f,0,0
1492451548.83,00:00:5a:1b:6b:3a:9d:4f,0,0
1492451550.57,00:00:5a:1b:6b:3a:9d:4f,0,0
1492451551.24,00:00:5a:1b:6b:3a:9d:4f,122,60
1492451553.0,00:00:5a:1b:6b:3a:9d:4f,122,60
1492451553.63,00:00:5a:1b:6b:3a:9d:4f,122,60
1492451554.28,00:00:5a:1b:6b:3a:9d:4f,122,60
1492451556.02,00:00:5a:1b:6b:3a:9d:4f,122,60
1492451557.76,00:00:5a:1b:6b:3a:9d:4f,122,60
1492451558.41,00:00:5a:1b:6b:3a:9d:4f,122,60
1492451560.15,00:00:5a:1b:6b:3a:9d:4f,122,60
1492451560.89,00:00:5a:1b:6b:3a:9d:4f,122,60
1492451561.54,00:00:5a:1b:6b:3a:9d:4f,136,140
1492451563.28,00:00:5a:1b:6b:3a:9d:4f,136,140
1492451565.03,00:00:5a:1b:6b:3a:9d:4f,136,140
1492451565.76,00:00:5a:1b:6b:3a:9d:4f,136,140
1492451567.5,00:00:5a:1b:6b:3a:9d:4f,136,140
1492451568.21,00:00:5a:1b:6b:3a:9d:4f,136,140
1492451568.92,00:00:5a:1b:6b:3a:9d:4f,136,140
1492451570.66,00:00:5a:1b:6b:3a:9d:4f,136,140
1492451572.42,00:00:5a:1b:6b:3a:9d:4f,0,0
1492451573.15,00:00:5a:1b:6b:3a:9d:4f,0,0
1492451574.85,00:00:5a:1b:6b:3a:9d:4f,0,0
1492451575.52,00:00:5a:1b:6b:3a:9d:4f,0,0
1492451576.21,00:00:5a:1b:6b:3a:9d:4f,0,0
1492451577.96,00:00:5a:1b:6b:3a:9d:4f,0,0
1492451579.7,00:00:5a:1b:6b:3a:9d:4f,0,0
1492451580.34,00:00:5a:1b:6b:3a:9d:4f,0,0
1492451582.1,00:00:5a:1b:6b:3a:9d:4f,136,66
1492451582.74,00:00:5a:1b:6b:3a:9d:4f,136,66
1492451583.38,00:00:5a:1b:6b:3a:9d:4f,136,66
1492451585.12,00:00:5a:1b:6b:3a:9d:4f,136,66
1492451586.82,00:00:5a:1b:6b:3a:9d:4f,136,66
1492451587.51,00:00:5a:1b:6b:3a:9d:4f,136,66
1492451589.26,00:00:5a:1b:6b:3a:9d:4f,136,66
1492451589.89,00:00:5a:1b:6b:3a:9d:4f,136,66
1492451590.62,00:00:5a:1b:6b:3a:9d:4f,136,66
1492451592.37,00:00:5a:1b:6b:3a:9d:4f,122,60
1492451594.12,00:00:5a:1b:6b:3a:9d:4f,122,60
1492451594.85,00:00:5a:1b:6b:3a:9d:4f,122,60
1492451596.6,00:00:5a:1b:6b:3a:9d:4f,122,60
1492451597.23,00:00:5a:1b:6b:3a:9d:4f,122,60
1492451597.84,00:00:5a:1b:6b:3a:9d:4f,122,60
1492451599.6,00:00:5a:1b:6b:3a:9d:4f,122,60
1492451601.33,00:00:5a:1b:6b:3a:9d:4f,0,0
1492451601.97,00:00:5a:1b:6b:3a:9d:4f,0,0
1492451603.73,00:00:5a:1b:6b:3a:9d:4f,0,0
1492451604.43,00:00:5a:1b:6b:3a:9d:4f,0,0
1492451605.1,00:00:5a:1b:6b:3a:9d:4f,0,0
