1492451385.59,00:00:0a:3e:4e:4e:13:4a,85,127
1492451386.32,00:00:0a:3e:4e:4e:13:4a,85,127
1492451388.06,00:00:0a:3e:4e:4e:13:4a,85,127
1492451389.82,00:00:0a:3e:4e:4e:13:4a,85,127
1492451390.43,00:00:0a:3e:4e:4e:13:4a,85,127
1492451392.19,00:00:0a:3e:4e:4e:13:4a,0,0
1492451392.86,00:00:0a:3e:4e:4e:13:4a,0,0
1492451393.58,00:00:0a:3e:4e:4e:13:4a,0,0
1492451395.34,00:00:0a:3e:4e:4e:13:4a,0,0
1492451397.09,00:00:0a:3e:4e:4e:13:4a,0,0
1492451397.87,00:00:0a:3e:4e:4e:13:4a,0,0
1492451399.62,00:00:0a:3e:4e:4e:13:4a,0,0
1492451400.31,00:00:0a:3e:4e:4e:13:4a,0,0
1492451401.09,00:00:0a:3e:4e:4e:13:4a,0,0
1492451402.83,00:00:0a:3e:4e:4e:13:4a,85,127
1492451404.58,00:00:0a:3e:4e:4e:13:4a,85,127
1492451405.25,00:00:0a:3e:4e:4e:13:4a,85,127
1492451406.99,00:00:0a:3e:4e:4e:13:4a,85,127
1492451407.69,00:00:0a:3e:4e:4e:13:4a,85,127
1492451408.31,00:00:0a:3e:4e:4e:13:4a,85,127
1492451410.04,00:00:0a:3e:4e:4e:13:4a,85,127
1492451411.79,00:00:0a:3e:4e:4e:13:4a,85,127
1492451412.4,00:00:0a:3e:4e:4e:13:4a,85,127
1492451414.15,00:00:0a:3e:4e:4e:13:4a,85,127
1492451414.84,00:00:0a:3e:4e:4e:13:4a,85,127
1492451415.57,00:00:0a:3e:4e:4e:13:4a,85,127
1492451417.32,00:00:0a:3e:4e:4e:13:4a,85,127
1492451418.91,00:00:0a:3e:4e:4e:13:4a,85,127
1492451419.68,00:00:0a:3e:4e:4e:13:4a,85,127
1492451421.44,00:00:0a:3e:4e:4e:13:4a,238342421,18446744073412234513
1492451422.15,00:00:0a:3e:4e:4e:13:4a,238342421,18446744073412234513
1492451422.83,00:00:0a:3e:4e:4e:13:4a,238342421,18446744073412234513
1492451424.59,00:00:0a:3e:4e:4e:13:4a,238342421,18446744073412234513
1492451426.19,00:00:0a:3e:4e:4e:13:4a,238342421,18446744073412234513
1492451426.83,00:00:0a:3e:4e:4e:13:4a,238342421,18446744073412234513
1492451428.58,00:00:0a:3e:4e:4e:13:4a,238342421,18446744073412234513
1492451429.31,00:00:0a:3e:4e:4e:13:4a,238342421,18446744073412234513
1492451430.03,00:00:0a:3e:4e:4e:13:4a,238342421,18446744073412234513
1492451431.77,00:00:0a:3e:4e:4e:13:4a,1062404879,1101659421
1492451433.4,00:00:0a:3e:4e:4e:13:4a,1062404879,1101659421
1492451434.11,00:00:0a:3e:4e:4e:13:4a,1062404879,1101659421
1492451435.87,00:00:0a:3e:4e:4e:13:4a,1062404879,1101659421
1492451436.62,00:00:0a:3e:4e:4e:13:4a,1062404879,1101659421
1492451437.34,00:00:0a:3e:4e:4e:13:4a,1062404879,1101659421
1492451439.09,00:00:0a:3e:4e:4e:13:4a,1062404879,1101659421
1492451440.69,00:00:0a:3e:4e:4e:13:4a,1062404879,1101659421
1492451441.36,00:00:0a:3e:4e:4e:13:4a,558350210,411147991
1492451443.1,00:00:0a:3e:4e:4e:13:4a,558350210,411147991
1492451443.76,00:00:0a:3e:4e:4e:13:4a,558350210,411147991
1492451444.4,00:00:0a:3e:4e:4e:13:4a,558350210,411147991
1492451446.14,00:00:0a:3e:4e:4e:13:4a,558350210,411147991
1492451447.76,00:00:0a:3e:4e:4e:13:4a,558350210,411147991
1492451448.44,00:00:0a:3e:4e:4e:13:4a,558350210,411147991
1492451450.17,00:00:0a:3e:4e:4e:13:4a,558350210,411147991
1492451450.94,00:00:0a:3e:4e:4e:13:4a,558350210,411147991
1492451451.63,00:00:0a:3e:4e:4e:13:4a,18446744071706669820,18446744071644321710
1492451453.39,00:00:0a:3e:4e:4e:13:4a,18446744071706669820,18446744071644321710
1492451454.99,00:00:0a:3e:4e:4e:13:4a,18446744071706669820,18446744071644321710
1492451455.77,00:00:0a:3e:4e:4e:13:4a,18446744071706669820,18446744071644321710
1492451457.51,00:00:0a:3e:4e:4e:13:4a,18446744071706669820,18446744071644321710
1492451458.24,00:00:0a:3e:4e:4e:13:4a,18446744071706669820,18446744071644321710
1492451458.96,00:00:0a:3e:4e:4e:13:4a,18446744071706669820,18446744071644321710
1492451460.7,00:00:0a:3e:4e:4e:13:4a,18446744071706669820,18446744071644321710
1492451462.32,00:00:0a:3e:4e:4e:13:4a,1455753826,1421320704
1492451463.1,00:00:0a:3e:4e:4e:13:4a,1455753826,1421320704
1492451464.86,00:00:0a:3e:4e:4e:13:4a,1455753826,1421320704
1492451465.54,00:00:0a:3e:4e:4e:13:4a,1455753826,1421320704
1492451466.32,00:00:0a:3e:4e:4e:13:4a,1455753826,1421320704
1492451468.07,00:00:0a:3e:4e:4e:13:4a,1455753826,1421320704
1492451469.68,00:00:0a:3e:4e:4e:13:4a,1455753826,1421320704
1492451470.36,00:00:0a:3e:4e:4e:13:4a,1455753826,1421320704
1492451472.11,00:00:0a:3e:4e:4e:13:4a,505517189,432085116
1492451472.82,00:00:0a:3e:4e:4e:13:4a,505517189,432085116
1492451473.52,00:00:0a:3e:4e:4e:13:4a,505517189,432085116
1492451475.26,00:00:0a:3e:4e:4e:13:4a,505517189,432085116
1492451476.81,00:00:0a:3e:4e:4e:13:4a,505517189,432085116
1492451477.52,00:00:0a:3e:4e:4e:13:4a,505517189,432085116
1492451479.26,00:00:0a:3e:4e:4e:13:4a,505517189,432085116
1492451479.93,00:00:0a:3e:4e:4e:13:4a,505517189,432085116
1492451480.73,00:00:0a:3e:4e:4e:13:4a,505517189,432085116
1492451482.48,00:00:0a:3e:4e:4e:13:4a,18446744071274232025,18446744071379663168
1492451484.07,00:00:0a:3e:4e:4e:13:4a,18446744071274232025,18446744071379663168
1492451484.87,00:00:0a:3e:4e:4e:13:4a,18446744071274232025,18446744071379663168
1492451486.61,00:00:0a:3e:4e:4e:13:4a,18446744071274232025,18446744071379663168
1492451487.43,00:00:0a:3e:4e:4e:13:4a,18446744071274232025,18446744071379663168
1492451488.1,00:00:0a:3e:4e:4e:13:4a,18446744071274232025,18446744071379663168
1492451489.84,00:00:0a:3e:4e:4e:13:4a,18446744071274232025,18446744071379663168
1492451491.44,00:00:0a:3e:4e:4e:13:4a,1182879839,1206333253
1492451492.17,00:00:0a:3e:4e:4e:13:4a,1182879839,1206333253
1492451493.92,00:00:0a:3e:4e:4e:13:4a,1182879839,1206333253
1492451494.92,00:00:0a:3e:4e:4e:13:4a,1182879839,1206333253
1492451495.7,00:00:0a:3e:4e:4e:13:4a,1182879839,1206333253
1492451497.43,00:00:0a:3e:4e:4e:13:4a,1182879839,1206333253
1492451499.04,00:00:0a:3e:4e:4e:13:4a,1182879839,1206333253
1492451499.79,00:00:0a:3e:4e:4e:13:4a,1182879839,1206333253
1492451501.52,00:00:0a:3e:4e:4e:13:4a,528385141,260911016
1492451502.39,00:00:0a:3e:4e:4e:13:4a,528385141,260911016
1492451503.1,00:00:0a:3e:4e:4e:13:4a,528385141,260911016
1492451504.86,00:00:0a:3e:4e:4e:13:4a,528385141,260911016
1492451506.45,00:00:0a:3e:4e:4e:13:4a,528385141,260911016
1492451507.17,00:00:0a:3e:4e:4e:13:4a,528385141,260911016
1492451508.87,00:00:0a:3e:4e:4e:13:4a,528385141,260911016
1492451509.6,00:00:0a:3e:4e:4e:13:4a,528385141,260911016
1492451510.33,00:00:0a:3e:4e:4e:13:4a,528385141,260911016
1492451512.1,00:00:0a:3e:4e:4e:13:4a,18446744071851651404,18446744071749512664
1492451513.68,00:00:0a:3e:4e:4e:13:4a,18446744071851651404,18446744071749512664
1492451514.33,00:00:0a:3e:4e:4e:13:4a,18446744071851651404,18446744071749512664
1492451516.09,00:00:0a:3e:4e:4e:13:4a,18446744071851651404,18446744071749512664
1492451516.81,00:00:0a:3e:4e:4e:13:4a,18446744071851651404,18446744071749512664
1492451517.54,00:00:0a:3e:4e:4e:13:4a,18446744071851651404,18446744071749512664
1492451519.29,00:00:0a:3e:4e:4e:13:4a,18446744071851651404,18446744071749512664
1492451521.04,00:00:0a:3e:4e:4e:13:4a,18446744071851651404,18446744071749512664
1492451521.73,00:00:0a:3e:4e:4e:13:4a,18446744073116340536,18446744073510149989
1492451523.66,00:00:0a:3e:4e:4e:13:4a,18446744073116340536,18446744073510149989
1492451524.37,00:00:0a:3e:4e:4e:13:4a,18446744073116340536,18446744073510149989
1492451525.04,00:00:0a:3e:4e:4e:13:4a,18446744073116340536,18446744073510149989
1492451526.8,00:00:0a:3e:4e:4e:13:4a,18446744073116340536,18446744073510149989
1492451528.54,00:00:0a:3e:4e:4e:13:4a,18446744073116340536,18446744073510149989
1492451529.26,00:00:0a:3e:4e:4e:13:4a,18446744073116340536,18446744073510149989
1492451531.02,00:00:0a:3e:4e:4e:13:4a,18446744073116340536,18446744073510149989
1492451531.73,00:00:0a:3e:4e:4e:13:4a,85,127
1492451532.46,00:00:0a:3e:4e:4e:13:4a,85,127
1492451534.2,00:00:0a:3e:4e:4e:13:4a,85,127
1492451535.95,00:00:0a:3e:4e:4e:13:4a,85,127
1492451536.68,00:00:0a:3e:4e:4e:13:4a,85,127
1492451538.42,00:00:0a:3e:4e:4e:13:4a,85,127
1492451539.12,00:00:0a:3e:4e:4e:13:4a,85,127
1492451539.81,00:00:0a:3e:4e:4e:13:4a,85,127
1492451541.56,00:00:0a:3e:4e:4e:13:4a,0,0
1492451543.31,00:00:0a:3e:4e:4e:13:4a,0,0
1492451544.05,00:00:0a:3e:4e:4e:13:4a,0,0
1492451545.8,00:00:0a:3e:4e:4e:13:4a,0,0
1492451546.43,00:00:0a:3e:4e:4e:13:4a,0,0
1492451547.08,00:00:0a:3e:4e:4e:13:4a,0,0
1492451548.82,00:00:0a:3e:4e:4e:13:4a,0,0
1492451550.59,00:00:0a:3e:4e:4e:13:4a,0,0
1492451551.25,00:00:0a:3e:4e:4e:13:4a,85,127
1492451553.01,00:00:0a:3e:4e:4e:13:4a,85,127
1492451553.62,00:00:0a:3e:4e:4e:13:4a,85,127
1492451554.28,00:00:0a:3e:4e:4e:13:4a,85,127
1492451556.02,00:00:0a:3e:4e:4e:13:4a,85,127
1492451557.76,00:00:0a:3e:4e:4e:13:4a,85,127
1492451558.41,00:00:0a:3e:4e:4e:13:4a,85,127
1492451560.17,00:00:0a:3e:4e:4e:13:4a,85,127
1492451560.88,00:00:0a:3e:4e:4e:13:4a,85,127
1492451561.53,00:00:0a:3e:4e:4e:13:4a,85,127
1492451563.28,00:00:0a:3e:4e:4e:13:4a,85,127
1492451565.04,00:00:0a:3e:4e:4e:13:4a,85,127
1492451565.76,00:00:0a:3e:4e:4e:13:4a,85,127
1492451567.51,00:00:0a:3e:4e:4e:13:4a,85,127
1492451568.21,00:00:0a:3e:4e:4e:13:4a,85,127
1492451568.92,00:00:0a:3e:4e:4e:13:4a,85,127
1492451570.67,00:00:0a:3e:4e:4e:13:4a,85,127
1492451572.43,00:00:0a:3e:4e:4e:13:4a,0,0
1492451573.14,00:00:0a:3e:4e:4e:13:4a,0,0
1492451574.84,00:00:0a:3e:4e:4e:13:4a,0,0
1492451575.53,00:00:0a:3e:4e:4e:13:4a,0,0
1492451576.2,00:00:0a:3e:4e:4e:13:4a,0,0
1492451577.96,00:00:0a:3e:4e:4e:13:4a,0,0
1492451579.71,00:00:0a:3e:4e:4e:13:4a,0,0
1492451580.34,00:00:0a:3e:4e:4e:13:4a,0,0
1492451582.09,00:00:0a:3e:4e:4e:13:4a,95,141
1492451582.74,00:00:0a:3e:4e:4e:13:4a,95,141
1492451583.38,00:00:0a:3e:4e:4e:13:4a,95,141
1492451585.12,00:00:0a:3e:4e:4e:13:4a,95,141
1492451586.82,00:00:0a:3e:4e:4e:13:4a,95,141
1492451587.51,00:00:0a:3e:4e:4e:13:4a,95,141
1492451589.26,00:00:0a:3e:4e:4e:13:4a,95,141
1492451589.89,00:00:0a:3e:4e:4e:13:4a,95,141
1492451590.62,00:00:0a:3e:4e:4e:13:4a,95,141
1492451592.37,00:00:0a:3e:4e:4e:13:4a,85,127
1492451594.11,00:00:0a:3e:4e:4e:13:4a,85,127
1492451594.85,00:00:0a:3e:4e:4e:13:4a,85,127
1492451596.6,00:00:0a:3e:4e:4e:13:4a,85,127
1492451597.23,00:00:0a:3e:4e:4e:13:4a,85,127
1492451597.85,00:00:0a:3e:4e:4e:13:4a,85,127
1492451599.58,00:00:0a:3e:4e:4e:13:4a,85,127
1492451601.34,00:00:0a:3e:4e:4e:13:4a,0,0
1492451601.98,00:00:0a:3e:4e:4e:13:4a,0,0
1492451603.72,00:00:0a:3e:4e:4e:13:4a,0,0
1492451604.41,00:00:0a:3e:4e:4e:13:4a,0,0
1492451605.11,00:00:0a:3e:4e:4e:13:4a,0,0
