1492451385.59,00:00:fe:36:3c:43:52:47,0,165
1492451386.32,00:00:fe:36:3c:43:52:47,0,165
1492451388.07,00:00:fe:36:3c:43:52:47,0,165
1492451389.83,00:00:fe:36:3c:43:52:47,0,165
1492451390.44,00:00:fe:36:3c:43:52:47,0,165
1492451392.18,00:00:fe:36:3c:43:52:47,0,0
1492451392.86,00:00:fe:36:3c:43:52:47,0,0
1492451393.59,00:00:fe:36:3c:43:52:47,0,0
1492451395.33,00:00:fe:36:3c:43:52:47,0,0
1492451397.08,00:00:fe:36:3c:43:52:47,0,0
1492451397.86,00:00:fe:36:3c:43:52:47,0,0
1492451399.63,00:00:fe:36:3c:43:52:47,0,0
1492451400.32,00:00:fe:36:3c:43:52:47,0,0
1492451401.09,00:00:fe:36:3c:43:52:47,0,0
1492451402.83,00:00:fe:36:3c:43:52:47,0,165
1492451404.59,00:00:fe:36:3c:43:52:47,0,165
1492451405.25,00:00:fe:36:3c:43:52:47,0,165
1492451407.0,00:00:fe:36:3c:43:52:47,0,165
1492451407.7,00:00:fe:36:3c:43:52:47,0,165
1492451408.31,00:00:fe:36:3c:43:52:47,0,165
1492451410.05,00:00:fe:36:3c:43:52:47,0,165
1492451411.8,00:00:fe:36:3c:43:52:47,0,165
1492451412.41,00:00:fe:36:3c:43:52:47,0,165
1492451414.14,00:00:fe:36:3c:43:52:47,0,165
1492451414.85,00:00:fe:36:3c:43:52:47,0,165
1492451415.58,00:00:fe:36:3c:43:52:47,0,165
1492451417.31,00:00:fe:36:3c:43:52:47,0,165
1492451418.89,00:00:fe:36:3c:43:52:47,0,165
1492451419.68,00:00:fe:36:3c:43:52:47,0,165
1492451421.43,00:00:fe:36:3c:43:52:47,0,106
1492451422.14,00:00:fe:36:3c:43:52:47,0,106
1492451422.83,00:00:fe:36:3c:43:52:47,0,106
1492451424.58,00:00:fe:36:3c:43:52:47,0,106
1492451426.18,00:00:fe:36:3c:43:52:47,0,106
1492451426.82,00:00:fe:36:3c:43:52:47,0,106
1492451428.59,00:00:fe:36:3c:43:52:47,0,106
1492451429.32,00:00:fe:36:3c:43:52:47,0,106
1492451430.04,00:00:fe:36:3c:43:52:47,0,106
1492451431.77,00:00:fe:36:3c:43:52:47,0,165
1492451433.38,00:00:fe:36:3c:43:52:47,0,165
1492451434.12,00:00:fe:36:3c:43:52:47,0,165
1492451435.86,00:00:fe:36:3c:43:52:47,0,165
1492451436.61,00:00:fe:36:3c:43:52:47,0,165
1492451437.33,00:00:fe:36:3c:43:52:47,0,165
1492451439.08,00:00:fe:36:3c:43:52:47,0,165
1492451440.69,00:00:fe:36:3c:43:52:47,0,165
1492451441.36,00:00:fe:36:3c:43:52:47,0,165
1492451443.1,00:00:fe:36:3c:43:52:47,0,165
1492451443.75,00:00:fe:36:3c:43:52:47,0,165
1492451444.39,00:00:fe:36:3c:43:52:47,0,165
1492451446.14,00:00:fe:36:3c:43:52:47,0,165
1492451447.75,00:00:fe:36:3c:43:52:47,0,165
1492451448.44,00:00:fe:36:3c:43:52:47,0,165
1492451450.18,00:00:fe:36:3c:43:52:47,0,165
1492451450.95,00:00:fe:36:3c:43:52:47,0,165
1492451451.63,00:00:fe:36:3c:43:52:47,0,0
1492451453.38,00:00:fe:36:3c:43:52:47,0,0
1492451454.99,00:00:fe:36:3c:43:52:47,0,0
1492451455.77,00:00:fe:36:3c:43:52:47,0,0
1492451457.52,00:00:fe:36:3c:43:52:47,0,0
1492451458.23,00:00:fe:36:3c:43:52:47,0,0
1492451458.95,00:00:fe:36:3c:43:52:47,0,0
1492451460.7,00:00:fe:36:3c:43:52:47,0,0
1492451462.33,00:00:fe:36:3c:43:52:47,0,261
1492451463.1,00:00:fe:36:3c:43:52:47,0,261
1492451464.86,00:00:fe:36:3c:43:52:47,0,261
1492451465.54,00:00:fe:36:3c:43:52:47,0,261
1492451466.32,00:00:fe:36:3c:43:52:47,0,261
1492451468.08,00:00:fe:36:3c:43:52:47,0,261
1492451469.67,00:00:fe:36:3c:43:52:47,0,261
1492451470.35,00:00:fe:36:3c:43:52:47,0,261
1492451472.12,00:00:fe:36:3c:43:52:47,0,165
1492451472.82,00:00:fe:36:3c:43:52:47,0,165
1492451473.51,00:00:fe:36:3c:43:52:47,0,165
1492451475.25,00:00:fe:36:3c:43:52:47,0,165
1492451476.82,00:00:fe:36:3c:43:52:47,0,165
1492451477.51,00:00:fe:36:3c:43:52:47,0,165
1492451479.26,00:00:fe:36:3c:43:52:47,0,165
1492451479.94,00:00:fe:36:3c:43:52:47,0,165
1492451480.71,00:00:fe:36:3c:43:52:47,0,165
1492451482.47,00:00:fe:36:3c:43:52:47,0,0
1492451484.08,00:00:fe:36:3c:43:52:47,0,0
1492451484.85,00:00:fe:36:3c:43:52:47,0,0
1492451486.6,00:00:fe:36:3c:43:52:47,0,0
1492451487.42,00:00:fe:36:3c:43:52:47,0,0
1492451488.11,00:00:fe:36:3c:43:52:47,0,0
1492451489.85,00:00:fe:36:3c:43:52:47,0,0
1492451491.45,00:00:fe:36:3c:43:52:47,0,165
1492451492.17,00:00:fe:36:3c:43:52:47,0,165
1492451493.9,00:00:fe:36:3c:43:52:47,0,165
1492451494.91,00:00:fe:36:3c:43:52:47,0,165
1492451495.71,00:00:fe:36:3c:43:52:47,0,165
1492451497.44,00:00:fe:36:3c:43:52:47,0,165
1492451499.02,00:00:fe:36:3c:43:52:47,0,165
1492451499.78,00:00:fe:36:3c:43:52:47,0,165
1492451501.52,00:00:fe:36:3c:43:52:47,0,261
1492451502.38,00:00:fe:36:3c:43:52:47,0,261
1492451503.11,00:00:fe:36:3c:43:52:47,0,261
1492451504.85,00:00:fe:36:3c:43:52:47,0,261
1492451506.44,00:00:fe:36:3c:43:52:47,0,261
1492451507.18,00:00:fe:36:3c:43:52:47,0,261
1492451508.87,00:00:fe:36:3c:43:52:47,0,261
1492451509.61,00:00:fe:36:3c:43:52:47,0,261
1492451510.34,00:00:fe:36:3c:43:52:47,0,261
1492451512.08,00:00:fe:36:3c:43:52:47,0,0
1492451513.67,00:00:fe:36:3c:43:52:47,0,0
1492451514.33,00:00:fe:36:3c:43:52:47,0,0
1492451516.08,00:00:fe:36:3c:43:52:47,0,0
1492451516.82,00:00:fe:36:3c:43:52:47,0,0
1492451517.53,00:00:fe:36:3c:43:52:47,0,0
1492451519.29,00:00:fe:36:3c:43:52:47,0,0
1492451521.04,00:00:fe:36:3c:43:52:47,0,0
1492451521.74,00:00:fe:36:3c:43:52:47,0,165
1492451523.68,00:00:fe:36:3c:43:52:47,0,165
1492451524.36,00:00:fe:36:3c:43:52:47,0,165
1492451525.04,00:00:fe:36:3c:43:52:47,0,165
1492451526.78,00:00:fe:36:3c:43:52:47,0,165
1492451528.55,00:00:fe:36:3c:43:52:47,0,165
1492451529.26,00:00:fe:36:3c:43:52:47,0,165
1492451531.01,00:00:fe:36:3c:43:52:47,0,165
1492451531.73,00:00:fe:36:3c:43:52:47,0,165
1492451532.46,00:00:fe:36:3c:43:52:47,0,165
1492451534.19,00:00:fe:36:3c:43:52:47,0,165
1492451535.95,00:00:fe:36:3c:43:52:47,0,165
1492451536.67,00:00:fe:36:3c:43:52:47,0,165
1492451538.43,00:00:fe:36:3c:43:52:47,0,165
1492451539.12,00:00:fe:36:3c:43:52:47,0,165
1492451539.82,00:00:fe:36:3c:43:52:47,0,165
1492451541.57,00:00:fe:36:3c:43:52:47,0,0
1492451543.32,00:00:fe:36:3c:43:52:47,0,0
1492451544.05,00:00:fe:36:3c:43:52:47,0,0
1492451545.8,00:00:fe:36:3c:43:52:47,0,0
1492451546.43,00:00:fe:36:3c:43:52:47,0,0
1492451547.08,00:00:fe:36:3c:43:52:47,0,0
1492451548.83,00:00:fe:36:3c:43:52:47,0,0
1492451550.59,00:00:fe:36:3c:43:52:47,0,0
1492451551.26,00:00:fe:36:3c:43:52:47,0,165
1492451553.0,00:00:fe:36:3c:43:52:47,0,165
1492451553.63,00:00:fe:36:3c:43:52:47,0,165
1492451554.27,00:00:fe:36:3c:43:52:47,0,165
1492451556.01,00:00:fe:36:3c:43:52:47,0,165
1492451557.77,00:00:fe:36:3c:43:52:47,0,165
1492451558.4,00:00:fe:36:3c:43:52:47,0,165
1492451560.16,00:00:fe:36:3c:43:52:47,0,165
1492451560.89,00:00:fe:36:3c:43:52:47,0,165
1492451561.53,00:00:fe:36:3c:43:52:47,0,184
1492451563.27,00:00:fe:36:3c:43:52:47,0,184
1492451565.04,00:00:fe:36:3c:43:52:47,0,184
1492451565.76,00:00:fe:36:3c:43:52:47,0,184
1492451567.51,00:00:fe:36:3c:43:52:47,0,184
1492451568.2,00:00:fe:36:3c:43:52:47,0,184
1492451568.91,00:00:fe:36:3c:43:52:47,0,184
1492451570.67,00:00:fe:36:3c:43:52:47,0,184
1492451572.41,00:00:fe:36:3c:43:52:47,0,0
1492451573.14,00:00:fe:36:3c:43:52:47,0,0
1492451574.84,00:00:fe:36:3c:43:52:47,0,0
1492451575.53,00:00:fe:36:3c:43:52:47,0,0
1492451576.21,00:00:fe:36:3c:43:52:47,0,0
1492451577.96,00:00:fe:36:3c:43:52:47,0,0
1492451579.72,00:00:fe:36:3c:43:52:47,0,0
1492451580.35,00:00:fe:36:3c:43:52:47,0,0
1492451582.09,00:00:fe:36:3c:43:52:47,0,184
1492451582.74,00:00:fe:36:3c:43:52:47,0,184
1492451583.38,00:00:fe:36:3c:43:52:47,0,184
1492451585.12,00:00:fe:36:3c:43:52:47,0,184
1492451586.81,00:00:fe:36:3c:43:52:47,0,184
1492451587.51,00:00:fe:36:3c:43:52:47,0,184
1492451589.27,00:00:fe:36:3c:43:52:47,0,184
1492451589.9,00:00:fe:36:3c:43:52:47,0,184
1492451590.63,00:00:fe:36:3c:43:52:47,0,184
1492451592.38,00:00:fe:36:3c:43:52:47,0,165
1492451594.13,00:00:fe:36:3c:43:52:47,0,165
1492451594.84,00:00:fe:36:3c:43:52:47,0,165
1492451596.59,00:00:fe:36:3c:43:52:47,0,165
1492451597.23,00:00:fe:36:3c:43:52:47,0,165
1492451597.85,00:00:fe:36:3c:43:52:47,0,165
1492451599.59,00:00:fe:36:3c:43:52:47,0,165
1492451601.34,00:00:fe:36:3c:43:52:47,0,0
1492451601.97,00:00:fe:36:3c:43:52:47,0,0
1492451603.72,00:00:fe:36:3c:43:52:47,0,0
1492451604.42,00:00:fe:36:3c:43:52:47,0,0
1492451605.11,00:00:fe:36:3c:43:52:47,0,0
